{"producer":{"name":"Blender","version":"2.79 (sub 0)","exporter_version":"5.6.4","file":"darkbot19a.babylon"},
"autoClear":true,"clearColor":[0.0509,0.0509,0.0509],"ambientColor":[0,0,0],"gravity":[0,-9.81,0],
"materials":[{"name":"darkbot19a.Material","id":"darkbot19a.Material","ambient":[0.8,0.8,0.8],"diffuse":[0.64,0.64,0.64],"specular":[0.5,0.5,0.5],"emissive":[0,0,0],"specularPower":50,"alpha":1,"backFaceCulling":true,"checkReadyOnlyOnce":false,"maxSimultaneousLights":4},
{"name":"darkbot19a.botEyeWhite","id":"darkbot19a.botEyeWhite","ambient":[0.448,0.6619,0.6619],"diffuse":[0.448,0.6619,0.6619],"specular":[0.0773,0.4634,1],"emissive":[0.0493,0.0728,0.0728],"specularPower":50,"alpha":1,"backFaceCulling":true,"checkReadyOnlyOnce":false,"maxSimultaneousLights":4},
{"name":"darkbot19a.botIris","id":"darkbot19a.botIris","ambient":[0.1946,0.4737,1],"diffuse":[0.1946,0.4737,1],"specular":[0.5,0.5,0.5],"emissive":[0,0,0],"specularPower":50,"alpha":1,"backFaceCulling":true,"checkReadyOnlyOnce":false,"maxSimultaneousLights":4},
{"name":"darkbot19a.botBlackEye","id":"darkbot19a.botBlackEye","ambient":[0.0254,0.0254,0.0254],"diffuse":[0.0203,0.0203,0.0203],"specular":[0.0913,0.3293,0.5],"emissive":[0,0,0],"specularPower":50,"alpha":1,"backFaceCulling":true,"checkReadyOnlyOnce":false,"maxSimultaneousLights":4},
{"name":"darkbot19a.botEyeLid","id":"darkbot19a.botEyeLid","ambient":[0.1789,0.1789,0.1789],"diffuse":[0.1431,0.1431,0.1431],"specular":[0.1606,0.4037,0.5],"emissive":[0,0,0],"specularPower":50,"alpha":1,"backFaceCulling":true,"checkReadyOnlyOnce":false,"maxSimultaneousLights":4},
{"name":"darkbot19a.botGreyDark","id":"darkbot19a.botGreyDark","ambient":[0.055,0.055,0.055],"diffuse":[0.0488,0.0488,0.0488],"specular":[0.005,0.2057,0.888],"emissive":[0.0148,0.0148,0.0148],"specularPower":12,"alpha":1,"backFaceCulling":true,"checkReadyOnlyOnce":false,"maxSimultaneousLights":4},
{"name":"darkbot19a.botRoyalPurple","id":"darkbot19a.botRoyalPurple","ambient":[0.0386,0.0579,0.1574],"diffuse":[0.0231,0.0348,0.0945],"specular":[1,0.2485,0.6717],"emissive":[0.017,0.0255,0.0693],"specularPower":111,"alpha":1,"backFaceCulling":true,"checkReadyOnlyOnce":false,"maxSimultaneousLights":4},
{"name":"darkbot19a.botHighlightBlue","id":"darkbot19a.botHighlightBlue","ambient":[0.1039,0.1094,0.214],"diffuse":[0.0464,0.0488,0.0955],"specular":[0.2159,0.2491,0.888],"emissive":[0.0229,0.0241,0.0471],"specularPower":11,"alpha":1,"backFaceCulling":true,"checkReadyOnlyOnce":false,"maxSimultaneousLights":4},
{"name":"darkbot19a.botLightBlue","id":"darkbot19a.botLightBlue","ambient":[0.0516,0.0853,0.2957],"diffuse":[0.0458,0.0758,0.2626],"specular":[0.1741,0.2884,0.444],"emissive":[0.0113,0.0188,0.0651],"specularPower":1,"alpha":1,"backFaceCulling":true,"checkReadyOnlyOnce":false,"maxSimultaneousLights":4},
{"name":"darkbot19a.botHighlight2","id":"darkbot19a.botHighlight2","ambient":[0.1794,0.3241,0.8],"diffuse":[0.0361,0.0653,0.1611],"specular":[0,0,0],"emissive":[0.0395,0.0713,0.176],"specularPower":50,"alpha":1,"backFaceCulling":true,"checkReadyOnlyOnce":false,"maxSimultaneousLights":4},
{"name":"darkbot19a.botDarkKevlar","id":"darkbot19a.botDarkKevlar","ambient":[0.1013,0.1854,0.196],"diffuse":[0.0831,0.1521,0.1608],"specular":[0.0186,0.0127,0.585],"emissive":[0.0446,0.0816,0.0862],"specularPower":10,"alpha":1,"backFaceCulling":true,"checkReadyOnlyOnce":false,"maxSimultaneousLights":4},
{"name":"darkbot19a.botOrb","id":"darkbot19a.botOrb","ambient":[0.3593,0.6887,0.8],"diffuse":[0.3593,0.6887,0.8],"specular":[0.0477,0.0687,0.5],"emissive":[0.079,0.1515,0.176],"specularPower":4,"alpha":1,"backFaceCulling":true,"checkReadyOnlyOnce":false,"maxSimultaneousLights":4},
{"name":"darkbot19a.botEyeColor1","id":"darkbot19a.botEyeColor1","ambient":[0.0492,0.1856,0.8],"diffuse":[0.0393,0.1485,0.64],"specular":[0.1094,0.4576,0.5],"emissive":[0.0708,0.2673,1.152],"specularPower":50,"alpha":1,"backFaceCulling":true,"checkReadyOnlyOnce":false,"maxSimultaneousLights":4},
{"name":"darkbot19a.botEyeColor2","id":"darkbot19a.botEyeColor2","ambient":[0.8,0.8,0.8],"diffuse":[0.64,0.64,0.64],"specular":[0.5,0.5,0.5],"emissive":[0.088,0.088,0.088],"specularPower":50,"alpha":1,"backFaceCulling":true,"checkReadyOnlyOnce":false,"maxSimultaneousLights":4}],
"multiMaterials":[{"name":"darkbot19a.Multimaterial#0","id":"darkbot19a.Multimaterial#0","materials":["darkbot19a.Material","darkbot19a.botEyeWhite","darkbot19a.botIris","darkbot19a.botBlackEye","darkbot19a.botEyeLid","darkbot19a.botGreyDark","darkbot19a.botRoyalPurple","darkbot19a.botHighlightBlue","darkbot19a.botLightBlue","darkbot19a.botHighlight2","darkbot19a.botDarkKevlar","darkbot19a.botOrb","darkbot19a.botEyeColor1","darkbot19a.botEyeColor2"]}],
"skeletons":[{"name":"darkBotArmature","id":0,"dimensionsAtRest":[3.5567,5.3612,0.7725],"bones":[
{"name":"darkSpine","index":0,"matrix":[1,0,0,0,0,1,0,0,0,0,-1,0,0,2.8256,0,1],"rest":[1,0,0,0,0,1,0,0,0,0,-1,0,0,2.8256,0,1],"parentBoneIndex":-1,"length":1
,"animation":{"dataType":3,"framePerSecond":24,"keys":[
{"frame":0,"values":[1,0,0,0,0,1,0,0,0,0,-1,0,0,2.8256,0,1]},
{"frame":125,"values":[1,0,0,0,0,1,0,0,0,0,-1,0,0,2.8256,0,1]}],"loopBehavior":1,"name":"anim","property":"_matrix"}},
{"name":"darkShoulderL","index":1,"matrix":[0.0254,0.1682,0.9854,0,0.9994,-0.0254,-0.0214,0,0.0214,0.9854,-0.1688,0,1.1654,0.6636,-0.0296,1],"rest":[0.0254,0.1682,0.9854,0,0.9994,-0.0254,-0.0214,0,0.0214,0.9854,-0.1688,0,1.1654,0.6636,-0.0296,1],"parentBoneIndex":0,"length":0.3408
,"animation":{"dataType":3,"framePerSecond":24,"keys":[
{"frame":0,"values":[0.0254,0.1682,0.9854,0,0.9994,-0.0254,-0.0214,0,0.0214,0.9854,-0.1688,0,1.1654,0.6636,-0.0296,1]},
{"frame":125,"values":[0.0254,0.1682,0.9854,0,0.9994,-0.0254,-0.0214,0,0.0214,0.9854,-0.1688,0,1.1654,0.6636,-0.0296,1]}],"loopBehavior":1,"name":"anim","property":"_matrix"}},
{"name":"darkArmL","index":2,"matrix":[0.7842,0.6198,-0.0301,0,-0.206,0.2143,-0.9548,0,-0.5853,0.755,0.2957,0,0,0.3408,0,1],"rest":[0.7842,0.6198,-0.0301,0,-0.206,0.2143,-0.9548,0,-0.5853,0.755,0.2957,0,0,0.3408,0,1],"parentBoneIndex":1,"length":1.2763
,"animation":{"dataType":3,"framePerSecond":24,"keys":[
{"frame":0,"values":[0.7842,0.6198,-0.0301,0,-0.206,0.2143,-0.9548,0,-0.5853,0.755,0.2957,0,0,0.3408,0,1]},
{"frame":1,"values":[0.7849,0.6194,-0.0141,0,-0.186,0.2139,-0.959,0,-0.591,0.7554,0.2831,0,0,0.3408,0,1]},
{"frame":2,"values":[0.7851,0.6184,0.0345,0,-0.1247,0.2125,-0.9692,0,-0.6066,0.7566,0.244,0,0,0.3408,0,1]},
{"frame":3,"values":[0.7787,0.6168,0.1147,0,-0.0224,0.2101,-0.9774,0,-0.627,0.7586,0.1774,0,0,0.3408,0,1]},
{"frame":4,"values":[0.7572,0.6151,0.2196,0,0.1141,0.2065,-0.9718,0,-0.6431,0.7609,0.0862,0,0,0.3408,0,1]},
{"frame":5,"values":[0.715,0.6137,0.3348,0,0.2677,0.2019,-0.9421,0,-0.6458,0.7633,-0.0199,0,0,0.3408,0,1]},
{"frame":6,"values":[0.6551,0.613,0.4418,0,0.4147,0.1971,-0.8884,0,-0.6316,0.7652,-0.1251,0,0,0.3408,0,1]},
{"frame":7,"values":[0.5894,0.6128,0.5264,0,0.5346,0.1926,-0.8229,0,-0.6056,0.7664,-0.2141,0,0,0.3408,0,1]},
{"frame":8,"values":[0.5327,0.613,0.5834,0,0.618,0.1892,-0.7631,0,-0.5782,0.7671,-0.2781,0,0,0.3408,0,1]},
{"frame":9,"values":[0.4956,0.6133,0.615,0,0.6653,0.1871,-0.7228,0,-0.5584,0.7674,-0.3153,0,0,0.3408,0,1]},
{"frame":10,"values":[0.483,0.6134,0.6249,0,0.6803,0.1865,-0.7089,0,-0.5513,0.7674,-0.3272,0,0,0.3408,0,1]},
{"frame":31,"values":[0.5327,0.613,0.5834,0,0.618,0.1892,-0.7631,0,-0.5782,0.7671,-0.2781,0,0,0.3408,0,1]},
{"frame":32,"values":[0.6551,0.613,0.4418,0,0.4147,0.1971,-0.8884,0,-0.6316,0.7652,-0.1251,0,0,0.3408,0,1]},
{"frame":33,"values":[0.7572,0.6151,0.2196,0,0.1141,0.2065,-0.9718,0,-0.6431,0.7609,0.0862,0,0,0.3408,0,1]},
{"frame":34,"values":[0.7851,0.6184,0.0345,0,-0.1247,0.2125,-0.9692,0,-0.6066,0.7566,0.244,0,0,0.3408,0,1]},
{"frame":35,"values":[0.7842,0.6198,-0.0301,0,-0.206,0.2143,-0.9548,0,-0.5853,0.755,0.2957,0,0,0.3408,0,1]},
{"frame":91,"values":[0.7167,0.6914,0.0909,0,-0.1398,0.2702,-0.9526,0,-0.6832,0.6701,0.2903,0,0,0.3408,0,1]},
{"frame":92,"values":[0.3866,0.8028,0.4538,0,0.0236,0.4833,-0.8751,0,-0.9219,0.3491,0.1679,0,0,0.3408,0,1]},
{"frame":93,"values":[-0.2358,0.6126,0.7544,0,0.063,0.7843,-0.6172,0,-0.9698,-0.098,-0.2235,0,0,0.3408,0,1]},
{"frame":94,"values":[-0.6291,0.2682,0.7295,0,-0.0626,0.918,-0.3915,0,-0.7748,-0.292,-0.5608,0,0,0.3408,0,1]},
{"frame":95,"values":[-0.7209,0.1407,0.6786,0,-0.1236,0.9374,-0.3257,0,-0.6819,-0.3186,-0.6584,0,0,0.3408,0,1]},
{"frame":96,"values":[-0.6291,0.2682,0.7295,0,-0.0626,0.918,-0.3915,0,-0.7748,-0.292,-0.5608,0,0,0.3408,0,1]},
{"frame":97,"values":[-0.2358,0.6126,0.7544,0,0.063,0.7843,-0.6172,0,-0.9698,-0.098,-0.2235,0,0,0.3408,0,1]},
{"frame":98,"values":[0.3866,0.8028,0.4538,0,0.0236,0.4833,-0.8751,0,-0.9219,0.3491,0.1679,0,0,0.3408,0,1]},
{"frame":99,"values":[0.7167,0.6914,0.0909,0,-0.1398,0.2702,-0.9526,0,-0.6832,0.6701,0.2903,0,0,0.3408,0,1]},
{"frame":100,"values":[0.7842,0.6198,-0.0301,0,-0.206,0.2143,-0.9548,0,-0.5853,0.755,0.2957,0,0,0.3408,0,1]},
{"frame":125,"values":[0.7842,0.6198,-0.0301,0,-0.206,0.2143,-0.9548,0,-0.5853,0.755,0.2957,0,0,0.3408,0,1]}],"loopBehavior":1,"name":"anim","property":"_matrix"}},
{"name":"darkHandL","index":3,"matrix":[0.2992,0.225,0.9273,0,-0.1712,0.9687,-0.1798,0,-0.9387,-0.1049,0.3284,0,0,1.2763,0,1],"rest":[0.2992,0.225,0.9273,0,-0.1712,0.9687,-0.1798,0,-0.9387,-0.1049,0.3284,0,0,1.2763,0,1],"parentBoneIndex":2,"length":0.7285
,"animation":{"dataType":3,"framePerSecond":24,"keys":[
{"frame":0,"values":[0.2992,0.225,0.9273,0,-0.1712,0.9687,-0.1798,0,-0.9387,-0.1049,0.3284,0,0,1.2763,0,1]},
{"frame":11,"values":[0.2341,0.1424,0.9617,0,-0.0962,0.9878,-0.1229,0,-0.9674,-0.0637,0.245,0,0,1.2763,0,1]},
{"frame":12,"values":[-0.0036,-0.0873,0.9962,0,0.1017,0.991,0.0873,0,-0.9948,0.1017,0.0054,0,0,1.2763,0,1]},
{"frame":13,"values":[-0.3719,-0.3068,0.8761,0,0.264,0.8699,0.4167,0,-0.8899,0.3862,-0.2425,0,0,1.2763,0,1]},
{"frame":14,"values":[-0.6316,-0.3733,0.6795,0,0.2852,0.7031,0.6513,0,-0.721,0.6052,-0.3376,0,0,1.2763,0,1]},
{"frame":15,"values":[-0.7075,-0.3748,0.5991,0,0.2724,0.6377,0.7205,0,-0.6521,0.673,-0.3491,0,0,1.2763,0,1]},
{"frame":16,"values":[-0.694,-0.377,0.6133,0,0.28,0.6434,0.7124,0,-0.6632,0.6662,-0.341,0,0,1.2763,0,1]},
{"frame":17,"values":[-0.6539,-0.3826,0.6527,0,0.301,0.66,0.6883,0,-0.6941,0.6466,-0.3164,0,0,1.2763,0,1]},
{"frame":18,"values":[-0.5976,-0.3877,0.7018,0,0.3262,0.682,0.6545,0,-0.7324,0.6201,-0.2811,0,0,1.2763,0,1]},
{"frame":19,"values":[-0.5502,-0.3899,0.7385,0,0.3444,0.6997,0.626,0,-0.7607,0.5987,-0.2507,0,0,1.2763,0,1]},
{"frame":20,"values":[-0.5326,-0.3903,0.7511,0,0.3504,0.7061,0.6154,0,-0.7704,0.5909,-0.2393,0,0,1.2763,0,1]},
{"frame":31,"values":[-0.4541,-0.3719,0.8096,0,0.3424,0.7661,0.544,0,-0.8225,0.5242,-0.2206,0,0,1.2763,0,1]},
{"frame":32,"values":[-0.2162,-0.2701,0.9382,0,0.2699,0.907,0.3233,0,-0.9383,0.3232,-0.1232,0,0,1.2763,0,1]},
{"frame":33,"values":[0.0763,-0.0496,0.9959,0,0.0822,0.9957,0.0433,0,-0.9937,0.0786,0.08,0,0,1.2763,0,1]},
{"frame":34,"values":[0.2517,0.1535,0.9556,0,-0.1037,0.9859,-0.1311,0,-0.9622,-0.0661,0.2641,0,0,1.2763,0,1]},
{"frame":35,"values":[0.2992,0.225,0.9273,0,-0.1712,0.9687,-0.1798,0,-0.9387,-0.1049,0.3284,0,0,1.2763,0,1]},
{"frame":125,"values":[0.2992,0.225,0.9273,0,-0.1712,0.9687,-0.1798,0,-0.9387,-0.1049,0.3284,0,0,1.2763,0,1]}],"loopBehavior":1,"name":"anim","property":"_matrix"}},
{"name":"darkShoulderR","index":4,"matrix":[0,0,-1,0,-1,0,0,0,0,1,0,0,-1.0057,0.656,0,1],"rest":[0,0,-1,0,-1,0,0,0,0,1,0,0,-1.0057,0.656,0,1],"parentBoneIndex":0,"length":0.5159
,"animation":{"dataType":3,"framePerSecond":24,"keys":[
{"frame":0,"values":[0,0,-1,0,-1,0,0,0,0,1,0,0,-1.0057,0.656,0,1]},
{"frame":125,"values":[0,0,-1,0,-1,0,0,0,0,1,0,0,-1.0057,0.656,0,1]}],"loopBehavior":1,"name":"anim","property":"_matrix"}},
{"name":"darkArmR","index":5,"matrix":[0.9989,-0.0102,0.0453,0,0.0464,0.2187,-0.9747,0,0.0001,0.9757,0.219,0,0,0.5159,0,1],"rest":[0.9989,-0.0102,0.0453,0,0.0464,0.2187,-0.9747,0,0.0001,0.9757,0.219,0,0,0.5159,0,1],"parentBoneIndex":4,"length":1.3189
,"animation":{"dataType":3,"framePerSecond":24,"keys":[
{"frame":0,"values":[0.9989,-0.0102,0.0453,0,0.0464,0.2187,-0.9747,0,0.0001,0.9757,0.219,0,0,0.5159,0,1]},
{"frame":1,"values":[0.9997,-0.0102,0.0243,0,0.026,0.2187,-0.9754,0,0.0047,0.9757,0.2189,0,0,0.5159,0,1]},
{"frame":2,"values":[0.9992,-0.0102,-0.0393,0,-0.0361,0.2187,-0.9751,0,0.0186,0.9757,0.2182,0,0,0.5159,0,1]},
{"frame":3,"values":[0.9895,-0.0102,-0.1439,0,-0.1382,0.2187,-0.9659,0,0.0414,0.9757,0.215,0,0,0.5159,0,1]},
{"frame":4,"values":[0.9598,-0.0102,-0.2804,0,-0.2714,0.2187,-0.9373,0,0.0709,0.9757,0.2072,0,0,0.5159,0,1]},
{"frame":5,"values":[0.903,-0.0102,-0.4296,0,-0.4172,0.2187,-0.8821,0,0.103,0.9757,0.1932,0,0,0.5159,0,1]},
{"frame":6,"values":[0.823,-0.0102,-0.5679,0,-0.5523,0.2187,-0.8044,0,0.1325,0.9757,0.1744,0,0,0.5159,0,1]},
{"frame":7,"values":[0.7359,-0.0102,-0.677,0,-0.659,0.2187,-0.7196,0,0.1554,0.9757,0.1542,0,0,0.5159,0,1]},
{"frame":8,"values":[0.6605,-0.0102,-0.7508,0,-0.7312,0.2187,-0.6462,0,0.1708,0.9757,0.137,0,0,0.5159,0,1]},
{"frame":9,"values":[0.6104,-0.0102,-0.792,0,-0.7715,0.2187,-0.5974,0,0.1794,0.9757,0.1256,0,0,0.5159,0,1]},
{"frame":10,"values":[0.592,-0.0102,-0.8059,0,-0.7851,0.2187,-0.5795,0,0.1822,0.9757,0.1214,0,0,0.5159,0,1]},
{"frame":11,"values":[0.5917,-0.0102,-0.8061,0,-0.7853,0.2187,-0.5792,0,0.1822,0.9757,0.1214,0,0,0.5159,0,1]},
{"frame":12,"values":[0.5945,-0.0102,-0.804,0,-0.7833,0.2187,-0.5819,0,0.1818,0.9757,0.122,0,0,0.5159,0,1]},
{"frame":13,"values":[0.6004,-0.0102,-0.7996,0,-0.779,0.2187,-0.5877,0,0.1809,0.9757,0.1233,0,0,0.5159,0,1]},
{"frame":14,"values":[0.6088,-0.0102,-0.7933,0,-0.7727,0.2187,-0.5959,0,0.1796,0.9757,0.1252,0,0,0.5159,0,1]},
{"frame":15,"values":[0.6188,-0.0102,-0.7855,0,-0.7651,0.2187,-0.6056,0,0.178,0.9757,0.1275,0,0,0.5159,0,1]},
{"frame":16,"values":[0.6289,-0.0102,-0.7774,0,-0.7572,0.2187,-0.6155,0,0.1763,0.9757,0.1298,0,0,0.5159,0,1]},
{"frame":17,"values":[0.6381,-0.0102,-0.7699,0,-0.7499,0.2187,-0.6244,0,0.1748,0.9757,0.1319,0,0,0.5159,0,1]},
{"frame":18,"values":[0.6451,-0.0102,-0.764,0,-0.7441,0.2187,-0.6312,0,0.1736,0.9757,0.1335,0,0,0.5159,0,1]},
{"frame":19,"values":[0.6494,-0.0102,-0.7603,0,-0.7405,0.2187,-0.6355,0,0.1728,0.9757,0.1345,0,0,0.5159,0,1]},
{"frame":20,"values":[0.6509,-0.0102,-0.7591,0,-0.7393,0.2187,-0.6369,0,0.1726,0.9757,0.1348,0,0,0.5159,0,1]},
{"frame":31,"values":[0.6336,-0.0102,-0.7736,0,-0.7534,0.2187,-0.6201,0,0.1755,0.9757,0.1309,0,0,0.5159,0,1]},
{"frame":32,"values":[0.5832,-0.0102,-0.8122,0,-0.7913,0.2187,-0.571,0,0.1835,0.9757,0.1195,0,0,0.5159,0,1]},
{"frame":33,"values":[0.515,-0.0102,-0.8571,0,-0.8353,0.2187,-0.5045,0,0.1926,0.9757,0.1041,0,0,0.5159,0,1]},
{"frame":34,"values":[0.4595,-0.0102,-0.8881,0,-0.8656,0.2187,-0.4504,0,0.1989,0.9757,0.0916,0,0,0.5159,0,1]},
{"frame":35,"values":[0.4394,-0.0102,-0.8982,0,-0.8755,0.2187,-0.4308,0,0.2009,0.9757,0.0871,0,0,0.5159,0,1]},
{"frame":36,"values":[0.5283,-0.0102,-0.849,0,-0.8273,0.2187,-0.5175,0,0.191,0.9757,0.1071,0,0,0.5159,0,1]},
{"frame":37,"values":[0.7527,-0.0102,-0.6583,0,-0.6407,0.2187,-0.736,0,0.1515,0.9757,0.1581,0,0,0.5159,0,1]},
{"frame":38,"values":[0.9441,-0.0102,-0.3294,0,-0.3194,0.2187,-0.922,0,0.0815,0.9757,0.2032,0,0,0.5159,0,1]},
{"frame":39,"values":[0.9987,-0.0102,-0.0508,0,-0.0473,0.2187,-0.9746,0,0.0211,0.9757,0.2179,0,0,0.5159,0,1]},
{"frame":40,"values":[0.9989,-0.0102,0.0453,0,0.0464,0.2187,-0.9747,0,0.0001,0.9757,0.219,0,0,0.5159,0,1]},
{"frame":91,"values":[0.9916,-0.121,-0.0455,0,-0.0102,0.2781,-0.9605,0,0.1289,0.9529,0.2745,0,0,0.5159,0,1]},
{"frame":92,"values":[0.8376,-0.4107,-0.3601,0,-0.129,0.4918,-0.8611,0,0.5308,0.7678,0.3589,0,0,0.5159,0,1]},
{"frame":93,"values":[0.3589,-0.5579,-0.7483,0,-0.1025,0.7733,-0.6257,0,0.9277,0.3013,0.2203,0,0,0.5159,0,1]},
{"frame":94,"values":[-0.0601,-0.4407,-0.8956,0,0.0499,0.8948,-0.4437,0,0.9969,-0.0714,-0.0318,0,0,0.5159,0,1]},
{"frame":95,"values":[-0.1857,-0.3686,-0.9108,0,0.115,0.9124,-0.3927,0,0.9758,-0.1777,-0.1271,0,0,0.5159,0,1]},
{"frame":96,"values":[-0.0601,-0.4407,-0.8956,0,0.0499,0.8948,-0.4437,0,0.9969,-0.0714,-0.0318,0,0,0.5159,0,1]},
{"frame":97,"values":[0.3589,-0.5579,-0.7483,0,-0.1025,0.7733,-0.6257,0,0.9277,0.3013,0.2203,0,0,0.5159,0,1]},
{"frame":98,"values":[0.8376,-0.4107,-0.3601,0,-0.129,0.4918,-0.8611,0,0.5308,0.7678,0.3589,0,0,0.5159,0,1]},
{"frame":99,"values":[0.9916,-0.121,-0.0455,0,-0.0102,0.2781,-0.9605,0,0.1289,0.9529,0.2745,0,0,0.5159,0,1]},
{"frame":100,"values":[0.9989,-0.0102,0.0453,0,0.0464,0.2187,-0.9747,0,0.0001,0.9757,0.219,0,0,0.5159,0,1]},
{"frame":125,"values":[0.9989,-0.0102,0.0453,0,0.0464,0.2187,-0.9747,0,0.0001,0.9757,0.219,0,0,0.5159,0,1]}],"loopBehavior":1,"name":"anim","property":"_matrix"}},
{"name":"darkHandR","index":6,"matrix":[0.0148,-0.317,-0.9483,0,-0.044,0.9473,-0.3174,0,0.9989,0.0464,0.0001,0,0,1.3189,0,1],"rest":[0.0148,-0.317,-0.9483,0,-0.044,0.9473,-0.3174,0,0.9989,0.0464,0.0001,0,0,1.3189,0,1],"parentBoneIndex":5,"length":0.6857
,"animation":{"dataType":3,"framePerSecond":24,"keys":[
{"frame":0,"values":[0.0148,-0.317,-0.9483,0,-0.044,0.9473,-0.3174,0,0.9989,0.0464,0.0001,0,0,1.3189,0,1]},
{"frame":1,"values":[0.0066,-0.3081,-0.9513,0,-0.0454,0.9503,-0.3081,0,0.9989,0.0452,-0.0077,0,0,1.3189,0,1]},
{"frame":2,"values":[-0.0186,-0.2806,-0.9596,0,-0.0491,0.9589,-0.2795,0,0.9986,0.0419,-0.0316,0,0,1.3189,0,1]},
{"frame":3,"values":[-0.0613,-0.2335,-0.9704,0,-0.0537,0.9716,-0.2304,0,0.9967,0.0379,-0.0721,0,0,1.3189,0,1]},
{"frame":4,"values":[-0.1217,-0.1658,-0.9786,0,-0.0566,0.9855,-0.1599,0,0.991,0.0359,-0.1293,0,0,1.3189,0,1]},
{"frame":5,"values":[-0.1981,-0.0785,-0.977,0,-0.0542,0.9961,-0.069,0,0.9787,0.0393,-0.2016,0,0,1.3189,0,1]},
{"frame":6,"values":[-0.2863,0.0249,-0.9578,0,-0.0427,0.9983,0.0387,0,0.9572,0.052,-0.2848,0,0,1.3189,0,1]},
{"frame":7,"values":[-0.3794,0.1368,-0.9151,0,-0.0192,0.9876,0.1556,0,0.9251,0.0766,-0.372,0,0,1.3189,0,1]},
{"frame":8,"values":[-0.4684,0.2471,-0.8482,0,0.0164,0.9623,0.2713,0,0.8833,0.1132,-0.4549,0,0,1.3189,0,1]},
{"frame":9,"values":[-0.5458,0.3461,-0.7631,0,0.0607,0.9247,0.3759,0,0.8357,0.1588,-0.5257,0,0,1.3189,0,1]},
{"frame":10,"values":[-0.6071,0.4267,-0.6703,0,0.1081,0.8801,0.4623,0,0.7872,0.2082,-0.5805,0,0,1.3189,0,1]},
{"frame":11,"values":[-0.6518,0.4868,-0.5815,0,0.1526,0.8353,0.5283,0,0.7429,0.2556,-0.6187,0,0,1.3189,0,1]},
{"frame":12,"values":[-0.6823,0.5278,-0.5059,0,0.1892,0.7959,0.5751,0,0.7062,0.2967,-0.6429,0,0,1.3189,0,1]},
{"frame":13,"values":[-0.7019,0.5526,-0.4495,0,0.2149,0.7659,0.606,0,0.6791,0.3287,-0.6563,0,0,1.3189,0,1]},
{"frame":14,"values":[-0.7136,0.5645,-0.4149,0,0.2283,0.7473,0.624,0,0.6624,0.3505,-0.6621,0,0,1.3189,0,1]},
{"frame":15,"values":[-0.7193,0.5658,-0.4031,0,0.2289,0.7408,0.6315,0,0.6559,0.362,-0.6624,0,0,1.3189,0,1]},
{"frame":16,"values":[-0.7153,0.563,-0.414,0,0.2155,0.7413,0.6356,0,0.6648,0.3654,-0.6516,0,0,1.3189,0,1]},
{"frame":17,"values":[-0.6969,0.5616,-0.446,0,0.1883,0.7434,0.6418,0,0.692,0.3633,-0.6239,0,0,1.3189,0,1]},
{"frame":18,"values":[-0.6692,0.5612,-0.487,0,0.1551,0.7465,0.647,0,0.7267,0.3575,-0.5866,0,0,1.3189,0,1]},
{"frame":19,"values":[-0.6451,0.5611,-0.5188,0,0.1293,0.7492,0.6496,0,0.7531,0.352,-0.5558,0,0,1.3189,0,1]},
{"frame":20,"values":[-0.6359,0.561,-0.53,0,0.1201,0.7503,0.6502,0,0.7624,0.3498,-0.5445,0,0,1.3189,0,1]},
{"frame":31,"values":[-0.6749,0.5312,-0.5121,0,0.1989,0.7993,0.567,0,0.7106,0.2808,-0.6451,0,0,1.3189,0,1]},
{"frame":32,"values":[-0.7828,0.4586,-0.4206,0,0.3863,0.888,0.2493,0,0.4878,0.0326,-0.8723,0,0,1.3189,0,1]},
{"frame":33,"values":[-0.8775,0.4201,-0.2313,0,0.4714,0.8442,-0.2551,0,0.0881,-0.3329,-0.9388,0,0,1.3189,0,1]},
{"frame":34,"values":[-0.8941,0.4416,-0.0742,0,0.394,0.6972,-0.5988,0,-0.2127,-0.5647,-0.7974,0,0,1.3189,0,1]},
{"frame":35,"values":[-0.8899,0.4555,-0.0239,0,0.3419,0.6313,-0.6962,0,-0.302,-0.6277,-0.7175,0,0,1.3189,0,1]},
{"frame":36,"values":[-0.9242,0.3596,-0.1286,0,0.3515,0.6692,-0.6547,0,-0.1494,-0.6503,-0.7449,0,0,1.3189,0,1]},
{"frame":37,"values":[-0.8834,0.0668,-0.4638,0,0.3311,0.7895,-0.5169,0,0.3316,-0.6102,-0.7195,0,0,1.3189,0,1]},
{"frame":38,"values":[-0.5147,-0.2332,-0.8251,0,0.1763,0.913,-0.368,0,0.8391,-0.3348,-0.4287,0,0,1.3189,0,1]},
{"frame":39,"values":[-0.118,-0.3168,-0.9411,0,0.0112,0.9472,-0.3203,0,0.9929,-0.0484,-0.1082,0,0,1.3189,0,1]},
{"frame":40,"values":[0.0148,-0.317,-0.9483,0,-0.044,0.9473,-0.3174,0,0.9989,0.0464,0.0001,0,0,1.3189,0,1]},
{"frame":125,"values":[0.0148,-0.317,-0.9483,0,-0.044,0.9473,-0.3174,0,0.9989,0.0464,0.0001,0,0,1.3189,0,1]}],"loopBehavior":1,"name":"anim","property":"_matrix"}},
{"name":"darkHead","index":7,"matrix":[1,0,0,0,0,1,0,0,0,0,1,0,0,1.9611,0,1],"rest":[1,0,0,0,0,1,0,0,0,0,1,0,0,1.9611,0,1],"parentBoneIndex":0,"length":0.6709
,"animation":{"dataType":3,"framePerSecond":24,"keys":[
{"frame":0,"values":[1,0,0,0,0,1,0,0,0,0,1,0,0,1.9611,0,1]},
{"frame":21,"values":[1,0,0,0,0,1,0.008,0,0,-0.008,1,0,0,1.9611,0.0047,1]},
{"frame":22,"values":[1,0,0,0,0,0.9995,0.0319,0,0,-0.0319,0.9995,0,0,1.9611,0.0188,1]},
{"frame":23,"values":[1,0,0,0,0,0.9975,0.0708,0,0,-0.0708,0.9975,0,0,1.9611,0.0418,1]},
{"frame":24,"values":[1,0,0,0,0,0.9926,0.1217,0,0,-0.1217,0.9926,0,0,1.9611,0.0719,1]},
{"frame":25,"values":[1,0,0,0,0,0.9839,0.1789,0,0,-0.1789,0.9839,0,0,1.9611,0.106,1]},
{"frame":26,"values":[1,0,0,0,0,0.9719,0.2355,0,0,-0.2355,0.9719,0,0,1.9611,0.14,1]},
{"frame":27,"values":[1,0,0,0,0,0.9586,0.2848,0,0,-0.2848,0.9586,0,0,1.9611,0.1701,1]},
{"frame":28,"values":[1,0,0,0,0,0.9467,0.322,0,0,-0.322,0.9467,0,0,1.9611,0.1931,1]},
{"frame":29,"values":[1,0,0,0,0,0.9386,0.3449,0,0,-0.3449,0.9386,0,0,1.9611,0.2072,1]},
{"frame":30,"values":[1,0,0,0,0,0.9357,0.3528,0,0,-0.3528,0.9357,0,0,1.9611,0.2119,1]},
{"frame":31,"values":[0.9997,-0.0117,0.0202,0,0.0038,0.9354,0.3535,0,-0.023,-0.3533,0.9352,0,0,1.9611,0.2119,1]},
{"frame":32,"values":[0.996,-0.0445,0.077,0,0.0144,0.9349,0.3546,0,-0.0878,-0.3521,0.9318,0,0,1.9611,0.2119,1]},
{"frame":33,"values":[0.985,-0.0865,0.1495,0,0.0279,0.9339,0.3565,0,-0.1704,-0.3469,0.9223,0,0,1.9611,0.2119,1]},
{"frame":34,"values":[0.9715,-0.1186,0.2051,0,0.0383,0.933,0.3579,0,-0.2338,-0.3399,0.911,0,0,1.9611,0.2119,1]},
{"frame":35,"values":[0.9658,-0.1297,0.2246,0,0.0421,0.9329,0.3576,0,-0.2559,-0.3359,0.9064,0,0,1.9611,0.2119,1]},
{"frame":36,"values":[0.9715,-0.1151,0.2073,0,0.0424,0.9444,0.3259,0,-0.2333,-0.3078,0.9224,0,0,1.9611,0.1931,1]},
{"frame":37,"values":[0.9849,-0.0771,0.1551,0,0.0387,0.9707,0.2372,0,-0.1688,-0.2276,0.959,0,0,1.9611,0.14,1]},
{"frame":38,"values":[0.996,-0.035,0.082,0,0.0249,0.9923,0.1214,0,-0.0856,-0.1188,0.9892,0,0,1.9611,0.0719,1]},
{"frame":39,"values":[0.9997,-0.0082,0.0218,0,0.0075,0.9995,0.0315,0,-0.0221,-0.0313,0.9993,0,0,1.9611,0.0188,1]},
{"frame":40,"values":[1,0,0,0,0,1,0,0,0,0,1,0,0,1.9611,0,1]},
{"frame":51,"values":[1,0,0,0,0,0.9981,-0.0613,0,0,0.0613,0.9981,0,0,1.945,0,1]},
{"frame":52,"values":[1,0,0,0,0,0.9721,-0.2346,0,0,0.2346,0.9721,0,0,1.8996,0,1]},
{"frame":53,"values":[1,0,0,0,0,0.8942,-0.4477,0,0,0.4477,0.8942,0,0,1.8413,0,1]},
{"frame":54,"values":[1,0,0,0,0,0.8023,-0.5969,0,0,0.5969,0.8023,0,0,1.7959,0,1]},
{"frame":55,"values":[1,0,0,0,0,0.7642,-0.645,0,0,0.645,0.7642,0,0,1.7798,0,1]},
{"frame":56,"values":[1,0,0,0,0,0.8023,-0.5969,0,0,0.5969,0.8023,0,0,1.7959,0,1]},
{"frame":57,"values":[1,0,0,0,0,0.8942,-0.4477,0,0,0.4477,0.8942,0,0,1.8413,0,1]},
{"frame":58,"values":[1,0,0,0,0,0.9721,-0.2346,0,0,0.2346,0.9721,0,0,1.8996,0,1]},
{"frame":59,"values":[1,0,0,0,0,0.9981,-0.0613,0,0,0.0613,0.9981,0,0,1.945,0,1]},
{"frame":60,"values":[1,0,0,0,0,1,0,0,0,0,1,0,0,1.9611,0,1]},
{"frame":101,"values":[1,0,0,0,0,0.9997,0.0261,0,0,-0.0261,0.9997,0,0,1.9611,0.0581,1]},
{"frame":102,"values":[1,0,0,0,0,0.995,0.0997,0,0,-0.0997,0.995,0,0,1.9611,0.2218,1]},
{"frame":103,"values":[1,0,0,0,0,0.9811,0.1935,0,0,-0.1935,0.9811,0,0,1.9611,0.432,1]},
{"frame":104,"values":[1,0,0,0,0,0.9642,0.2652,0,0,-0.2652,0.9642,0,0,1.9611,0.5957,1]},
{"frame":105,"values":[1,0,0,0,0,0.9569,0.2903,0,0,-0.2903,0.9569,0,0,1.9611,0.6538,1]},
{"frame":106,"values":[1,0,0,0,0,0.9642,0.2652,0,0,-0.2652,0.9642,0,0,1.9611,0.5957,1]},
{"frame":107,"values":[1,0,0,0,0,0.9811,0.1935,0,0,-0.1935,0.9811,0,0,1.9611,0.432,1]},
{"frame":108,"values":[1,0,0,0,0,0.995,0.0997,0,0,-0.0997,0.995,0,0,1.9611,0.2218,1]},
{"frame":109,"values":[1,0,0,0,0,0.9997,0.0261,0,0,-0.0261,0.9997,0,0,1.9611,0.0581,1]},
{"frame":110,"values":[1,0,0,0,0,1,0,0,0,0,1,0,0,1.9611,0,1]},
{"frame":111,"values":[0.9998,0,0.0196,0,0,1,0,0,-0.0196,0,0.9998,0,0,1.9611,0,1]},
{"frame":112,"values":[0.9969,0,0.0791,0,0,1,0,0,-0.0791,0,0.9969,0,0,1.9611,0,1]},
{"frame":113,"values":[0.9843,0,0.1765,0,0,1,0,0,-0.1765,0,0.9843,0,0,1.9611,0,1]},
{"frame":114,"values":[0.9529,0,0.3032,0,0,1,0,0,-0.3032,0,0.9529,0,0,1.9611,0,1]},
{"frame":115,"values":[0.8972,0,0.4416,0,0,1,0,0,-0.4416,0,0.8972,0,0,1.9611,0,1]},
{"frame":116,"values":[0.8215,0,0.5702,0,0,1,0,0,-0.5702,0,0.8215,0,0,1.9611,0,1]},
{"frame":117,"values":[0.7403,0,0.6723,0,0,1,0,0,-0.6723,0,0.7403,0,0,1.9611,0,1]},
{"frame":118,"values":[0.6707,0,0.7417,0,0,1,0,0,-0.7417,0,0.6707,0,0,1.9611,0,1]},
{"frame":119,"values":[0.6254,0,0.7803,0,0,1,0,0,-0.7803,0,0.6254,0,0,1.9611,0,1]},
{"frame":120,"values":[0.61,0,0.7924,0,0,1,0,0,-0.7924,0,0.61,0,0,1.9611,0,1]},
{"frame":125,"values":[0.61,0,0.7924,0,0,1,0,0,-0.7924,0,0.61,0,0,1.9611,0,1]}],"loopBehavior":1,"name":"anim","property":"_matrix"}},
{"name":"darkFootL","index":8,"matrix":[0.9672,0.1912,-0.1671,0,0.2539,-0.7404,0.6224,0,-0.0048,-0.6445,-0.7646,0,1.0375,-2.2466,0.1513,1],"rest":[0.9672,0.1912,-0.1671,0,0.2539,-0.7404,0.6224,0,-0.0048,-0.6445,-0.7646,0,1.0375,-2.2466,0.1513,1],"parentBoneIndex":0,"length":0.6518
,"animation":{"dataType":3,"framePerSecond":24,"keys":[
{"frame":0,"values":[0.9672,0.1912,-0.1671,0,0.2539,-0.7404,0.6224,0,-0.0048,-0.6445,-0.7646,0,1.0375,-2.2466,0.1513,1]},
{"frame":1,"values":[0.9672,0.2515,-0.035,0,0.2539,-0.9604,0.1145,0,-0.0048,-0.1197,-0.9928,0,1.0375,-2.2531,0.145,1]},
{"frame":2,"values":[0.9672,0.2526,-0.0258,0,0.2539,-0.964,0.0795,0,-0.0048,-0.0835,-0.9965,0,1.0375,-2.2534,0.1445,1]},
{"frame":3,"values":[0.9672,0.2531,-0.0208,0,0.2539,-0.9653,0.0604,0,-0.0048,-0.0637,-0.998,0,1.0375,-2.2536,0.1443,1]},
{"frame":4,"values":[0.9672,0.2534,-0.0173,0,0.2539,-0.9661,0.0472,0,-0.0048,-0.0501,-0.9987,0,1.0375,-2.2537,0.1441,1]},
{"frame":5,"values":[0.9672,0.2535,-0.0147,0,0.2539,-0.9665,0.0374,0,-0.0048,-0.0399,-0.9992,0,1.0375,-2.2538,0.144,1]},
{"frame":6,"values":[0.9672,0.2536,-0.0127,0,0.2539,-0.9668,0.0297,0,-0.0048,-0.032,-0.9995,0,1.0375,-2.2538,0.1439,1]},
{"frame":7,"values":[0.9672,0.2537,-0.0111,0,0.2539,-0.9669,0.0237,0,-0.0048,-0.0257,-0.9997,0,1.0375,-2.2539,0.1438,1]},
{"frame":8,"values":[0.9672,0.2537,-0.0099,0,0.2539,-0.967,0.0189,0,-0.0048,-0.0208,-0.9998,0,1.0375,-2.2539,0.1437,1]},
{"frame":9,"values":[0.9672,0.2538,-0.0089,0,0.2539,-0.9671,0.015,0,-0.0048,-0.0168,-0.9998,0,1.0375,-2.2539,0.1436,1]},
{"frame":10,"values":[0.9672,0.2538,-0.008,0,0.2539,-0.9672,0.0119,0,-0.0048,-0.0136,-0.9999,0,1.0375,-2.2539,0.1436,1]},
{"frame":11,"values":[0.9672,0.2538,-0.0074,0,0.2539,-0.9672,0.0095,0,-0.0048,-0.011,-0.9999,0,1.0375,-2.254,0.1435,1]},
{"frame":12,"values":[0.9672,0.2538,-0.0069,0,0.2539,-0.9672,0.0075,0,-0.0048,-0.009,-0.9999,0,1.0375,-2.254,0.1435,1]},
{"frame":13,"values":[0.9672,0.2539,-0.0065,0,0.2539,-0.9672,0.0061,0,-0.0048,-0.0075,-1,0,1.0375,-2.254,0.1435,1]},
{"frame":14,"values":[0.9672,0.2539,-0.0062,0,0.2539,-0.9672,0.005,0,-0.0048,-0.0064,-1,0,1.0375,-2.2539,0.1434,1]},
{"frame":15,"values":[0.9672,0.2539,-0.006,0,0.2539,-0.9672,0.0042,0,-0.0048,-0.0056,-1,0,1.0375,-2.2539,0.1434,1]},
{"frame":16,"values":[0.9672,0.2539,-0.0059,0,0.2539,-0.9672,0.0036,0,-0.0048,-0.005,-1,0,1.0375,-2.2539,0.1434,1]},
{"frame":17,"values":[0.9672,0.2539,-0.0058,0,0.2539,-0.9672,0.0033,0,-0.0048,-0.0047,-1,0,1.0375,-2.2539,0.1434,1]},
{"frame":18,"values":[0.9672,0.2539,-0.0057,0,0.2539,-0.9672,0.0031,0,-0.0048,-0.0045,-1,0,1.0375,-2.2539,0.1434,1]},
{"frame":19,"values":[0.9672,0.2539,-0.0057,0,0.2539,-0.9672,0.0031,0,-0.0048,-0.0044,-1,0,1.0375,-2.2539,0.1433,1]},
{"frame":21,"values":[0.9672,0.2539,-0.006,0,0.2539,-0.9672,0.004,0,-0.0048,-0.0053,-1,0,1.0375,-2.2538,0.1433,1]},
{"frame":22,"values":[0.9672,0.2539,-0.0067,0,0.2539,-0.9672,0.0066,0,-0.0048,-0.0081,-1,0,1.0375,-2.2538,0.1434,1]},
{"frame":23,"values":[0.9672,0.2539,-0.0078,0,0.2539,-0.9672,0.0109,0,-0.0048,-0.0125,-0.9999,0,1.0375,-2.2537,0.1434,1]},
{"frame":24,"values":[0.9672,0.2538,-0.0094,0,0.254,-0.9671,0.0168,0,-0.0048,-0.0187,-0.9998,0,1.0375,-2.2537,0.1435,1]},
{"frame":25,"values":[0.9672,0.2538,-0.0113,0,0.254,-0.9669,0.0243,0,-0.0048,-0.0264,-0.9996,0,1.0375,-2.2536,0.1435,1]},
{"frame":26,"values":[0.9672,0.2537,-0.0137,0,0.254,-0.9666,0.0334,0,-0.0048,-0.0357,-0.9993,0,1.0375,-2.2535,0.1437,1]},
{"frame":27,"values":[0.9672,0.2536,-0.0165,0,0.2541,-0.9662,0.0438,0,-0.0048,-0.0466,-0.9989,0,1.0375,-2.2534,0.1438,1]},
{"frame":28,"values":[0.9672,0.2534,-0.0196,0,0.2541,-0.9656,0.0557,0,-0.0048,-0.0588,-0.9983,0,1.0375,-2.2532,0.1439,1]},
{"frame":29,"values":[0.9671,0.2532,-0.0231,0,0.2542,-0.9647,0.0689,0,-0.0049,-0.0725,-0.9974,0,1.0375,-2.2531,0.1441,1]},
{"frame":30,"values":[0.9671,0.2528,-0.0269,0,0.2542,-0.9635,0.0834,0,-0.0049,-0.0875,-0.9962,0,1.0375,-2.2529,0.1442,1]},
{"frame":31,"values":[0.9671,0.2524,-0.0311,0,0.2543,-0.962,0.099,0,-0.0049,-0.1037,-0.9946,0,1.0375,-2.2527,0.1444,1]},
{"frame":32,"values":[0.9671,0.2519,-0.0355,0,0.2544,-0.9601,0.1159,0,-0.0049,-0.1211,-0.9926,0,1.0375,-2.2525,0.1446,1]},
{"frame":33,"values":[0.9671,0.2513,-0.0402,0,0.2544,-0.9578,0.1337,0,-0.0049,-0.1396,-0.9902,0,1.0375,-2.2523,0.1448,1]},
{"frame":34,"values":[0.9671,0.2505,-0.0452,0,0.2545,-0.955,0.1526,0,-0.0049,-0.1591,-0.9873,0,1.0375,-2.2521,0.1451,1]},
{"frame":35,"values":[0.967,0.2496,-0.0504,0,0.2546,-0.9516,0.1724,0,-0.0049,-0.1795,-0.9837,0,1.0375,-2.2519,0.1453,1]},
{"frame":36,"values":[0.967,0.2485,-0.0558,0,0.2546,-0.9476,0.193,0,-0.005,-0.2008,-0.9796,0,1.0375,-2.2517,0.1455,1]},
{"frame":37,"values":[0.967,0.2472,-0.0614,0,0.2547,-0.943,0.2143,0,-0.005,-0.2228,-0.9748,0,1.0375,-2.2515,0.1458,1]},
{"frame":38,"values":[0.967,0.2458,-0.0672,0,0.2548,-0.9377,0.2362,0,-0.005,-0.2455,-0.9694,0,1.0375,-2.2512,0.1461,1]},
{"frame":39,"values":[0.967,0.2442,-0.0731,0,0.2549,-0.9318,0.2586,0,-0.005,-0.2687,-0.9632,0,1.0375,-2.251,0.1463,1]},
{"frame":40,"values":[0.9669,0.2424,-0.0791,0,0.2549,-0.9251,0.2815,0,-0.005,-0.2923,-0.9563,0,1.0375,-2.2507,0.1466,1]},
{"frame":41,"values":[0.9669,0.2404,-0.0852,0,0.255,-0.9177,0.3046,0,-0.005,-0.3163,-0.9487,0,1.0375,-2.2505,0.1469,1]},
{"frame":42,"values":[0.9669,0.2382,-0.0913,0,0.2551,-0.9096,0.3279,0,-0.005,-0.3404,-0.9403,0,1.0375,-2.2502,0.1472,1]},
{"frame":43,"values":[0.9669,0.2358,-0.0975,0,0.2551,-0.9008,0.3513,0,-0.005,-0.3645,-0.9312,0,1.0375,-2.2499,0.1475,1]},
{"frame":44,"values":[0.9669,0.2333,-0.1036,0,0.2552,-0.8914,0.3746,0,-0.005,-0.3886,-0.9214,0,1.0375,-2.2497,0.1478,1]},
{"frame":45,"values":[0.9669,0.2305,-0.1096,0,0.2552,-0.8813,0.3977,0,-0.0049,-0.4125,-0.911,0,1.0375,-2.2494,0.1481,1]},
{"frame":46,"values":[0.9669,0.2276,-0.1156,0,0.2553,-0.8707,0.4204,0,-0.0049,-0.436,-0.8999,0,1.0375,-2.2491,0.1484,1]},
{"frame":47,"values":[0.9669,0.2246,-0.1214,0,0.2553,-0.8596,0.4427,0,-0.0049,-0.459,-0.8884,0,1.0375,-2.2489,0.1487,1]},
{"frame":48,"values":[0.9668,0.2215,-0.1271,0,0.2553,-0.8481,0.4643,0,-0.0049,-0.4814,-0.8765,0,1.0375,-2.2486,0.149,1]},
{"frame":49,"values":[0.9668,0.2183,-0.1325,0,0.2553,-0.8363,0.4852,0,-0.0049,-0.503,-0.8643,0,1.0375,-2.2484,0.1493,1]},
{"frame":50,"values":[0.9669,0.215,-0.1377,0,0.2553,-0.8243,0.5053,0,-0.0049,-0.5237,-0.8519,0,1.0375,-2.2481,0.1496,1]},
{"frame":51,"values":[0.9669,0.2118,-0.1426,0,0.2553,-0.8124,0.5243,0,-0.0048,-0.5433,-0.8395,0,1.0375,-2.2479,0.1498,1]},
{"frame":52,"values":[0.9669,0.2085,-0.1473,0,0.2552,-0.8006,0.5422,0,-0.0048,-0.5618,-0.8273,0,1.0375,-2.2476,0.1501,1]},
{"frame":53,"values":[0.9669,0.2054,-0.1515,0,0.2552,-0.7891,0.5587,0,-0.0048,-0.5789,-0.8154,0,1.0375,-2.2474,0.1504,1]},
{"frame":54,"values":[0.9669,0.2023,-0.1554,0,0.2551,-0.7782,0.5739,0,-0.0048,-0.5945,-0.8041,0,1.0375,-2.2472,0.1506,1]},
{"frame":55,"values":[0.9669,0.1995,-0.1588,0,0.255,-0.7681,0.5873,0,-0.0048,-0.6084,-0.7936,0,1.0375,-2.247,0.1508,1]},
{"frame":56,"values":[0.967,0.197,-0.1617,0,0.2548,-0.7591,0.599,0,-0.0048,-0.6204,-0.7843,0,1.0375,-2.2469,0.151,1]},
{"frame":57,"values":[0.967,0.1948,-0.1641,0,0.2546,-0.7515,0.6086,0,-0.0048,-0.6303,-0.7763,0,1.0375,-2.2468,0.1511,1]},
{"frame":58,"values":[0.9671,0.193,-0.1659,0,0.2544,-0.7456,0.616,0,-0.0048,-0.6379,-0.7701,0,1.0375,-2.2467,0.1512,1]},
{"frame":59,"values":[0.9671,0.1918,-0.1669,0,0.2542,-0.7417,0.6207,0,-0.0048,-0.6427,-0.7661,0,1.0375,-2.2466,0.1513,1]},
{"frame":60,"values":[0.9672,0.1912,-0.1671,0,0.2539,-0.7404,0.6224,0,-0.0048,-0.6445,-0.7646,0,1.0375,-2.2466,0.1513,1]},
{"frame":61,"values":[0.9688,0.1905,-0.1587,0,0.2477,-0.7713,0.5862,0,-0.0107,-0.6072,-0.7945,0,1.0375,-2.2466,0.1513,1]},
{"frame":62,"values":[0.973,0.187,-0.1351,0,0.2293,-0.8492,0.4758,0,-0.0258,-0.4939,-0.8691,0,1.0375,-2.2466,0.1513,1]},
{"frame":63,"values":[0.9783,0.1778,-0.106,0,0.2028,-0.9256,0.3195,0,-0.0413,-0.334,-0.9417,0,1.0375,-2.2466,0.1513,1]},
{"frame":64,"values":[0.9823,0.1672,-0.0848,0,0.1807,-0.9649,0.1908,0,-0.0499,-0.2027,-0.978,0,1.0375,-2.2466,0.1513,1]},
{"frame":65,"values":[0.9836,0.1627,-0.0777,0,0.1726,-0.9743,0.1444,0,-0.0522,-0.1555,-0.9865,0,1.0375,-2.2466,0.1513,1]},
{"frame":66,"values":[0.9823,0.1672,-0.0848,0,0.1807,-0.9649,0.1908,0,-0.0499,-0.2027,-0.978,0,1.0375,-2.2466,0.1513,1]},
{"frame":67,"values":[0.9783,0.1779,-0.1061,0,0.203,-0.9256,0.3194,0,-0.0413,-0.334,-0.9416,0,1.0375,-2.2466,0.1513,1]},
{"frame":68,"values":[0.973,0.1872,-0.1353,0,0.2296,-0.8491,0.4757,0,-0.0258,-0.4939,-0.8691,0,1.0375,-2.2466,0.1513,1]},
{"frame":69,"values":[0.9687,0.1907,-0.1588,0,0.248,-0.7713,0.5862,0,-0.0107,-0.6072,-0.7945,0,1.0375,-2.2466,0.1513,1]},
{"frame":70,"values":[0.9672,0.1912,-0.1671,0,0.2539,-0.7404,0.6224,0,-0.0048,-0.6445,-0.7646,0,1.0375,-2.2466,0.1513,1]},
{"frame":71,"values":[0.9687,0.1907,-0.1588,0,0.248,-0.7713,0.5862,0,-0.0107,-0.6072,-0.7945,0,1.0375,-2.2466,0.1513,1]},
{"frame":72,"values":[0.973,0.1872,-0.1353,0,0.2296,-0.8491,0.4757,0,-0.0258,-0.4939,-0.8691,0,1.0375,-2.2466,0.1513,1]},
{"frame":73,"values":[0.9783,0.1779,-0.1061,0,0.203,-0.9256,0.3194,0,-0.0413,-0.334,-0.9416,0,1.0375,-2.2466,0.1513,1]},
{"frame":74,"values":[0.9823,0.1672,-0.0848,0,0.1807,-0.9649,0.1908,0,-0.0499,-0.2027,-0.978,0,1.0375,-2.2466,0.1513,1]},
{"frame":75,"values":[0.9836,0.1627,-0.0777,0,0.1726,-0.9743,0.1444,0,-0.0522,-0.1555,-0.9865,0,1.0375,-2.2466,0.1513,1]},
{"frame":76,"values":[0.9823,0.167,-0.0847,0,0.1805,-0.9649,0.1908,0,-0.0499,-0.2027,-0.978,0,1.0375,-2.2466,0.1513,1]},
{"frame":77,"values":[0.9785,0.1773,-0.1057,0,0.2023,-0.9257,0.3195,0,-0.0412,-0.334,-0.9417,0,1.0375,-2.2466,0.1513,1]},
{"frame":78,"values":[0.9732,0.1863,-0.1347,0,0.2284,-0.8493,0.4759,0,-0.0257,-0.4939,-0.8691,0,1.0375,-2.2466,0.1513,1]},
{"frame":79,"values":[0.969,0.19,-0.1582,0,0.247,-0.7715,0.5864,0,-0.0107,-0.6072,-0.7945,0,1.0375,-2.2466,0.1513,1]},
{"frame":80,"values":[0.9672,0.1912,-0.1671,0,0.2539,-0.7404,0.6224,0,-0.0048,-0.6445,-0.7646,0,1.0375,-2.2466,0.1513,1]},
{"frame":81,"values":[0.967,0.1999,-0.1582,0,0.2548,-0.7697,0.5853,0,-0.0048,-0.6063,-0.7953,0,1.0375,-2.2466,0.1513,1]},
{"frame":82,"values":[0.9669,0.22,-0.1291,0,0.255,-0.8435,0.4727,0,-0.0049,-0.49,-0.8717,0,1.0375,-2.2466,0.1513,1]},
{"frame":83,"values":[0.967,0.2391,-0.0875,0,0.2546,-0.9146,0.3143,0,-0.0049,-0.3262,-0.9453,0,1.0375,-2.2466,0.1513,1]},
{"frame":84,"values":[0.9672,0.2485,-0.0533,0,0.2541,-0.9494,0.1843,0,-0.0048,-0.1918,-0.9814,0,1.0375,-2.2466,0.1513,1]},
{"frame":85,"values":[0.9672,0.2506,-0.041,0,0.2539,-0.9574,0.1377,0,-0.0048,-0.1436,-0.9896,0,1.0375,-2.2466,0.1513,1]},
{"frame":125,"values":[0.9672,0.2506,-0.041,0,0.2539,-0.9574,0.1377,0,-0.0048,-0.1436,-0.9896,0,1.0375,-2.2466,0.1513,1]}],"loopBehavior":1,"name":"anim","property":"_matrix"}},
{"name":"darkFootR","index":9,"matrix":[0.9357,-0.2547,0.2442,0,-0.3526,-0.6538,0.6695,0,-0.0109,-0.7125,-0.7015,0,-1.0645,-2.2318,0.1232,1],"rest":[0.9357,-0.2547,0.2442,0,-0.3526,-0.6538,0.6695,0,-0.0109,-0.7125,-0.7015,0,-1.0645,-2.2318,0.1232,1],"parentBoneIndex":0,"length":0.7605
,"animation":{"dataType":3,"framePerSecond":24,"keys":[
{"frame":0,"values":[0.9357,-0.2547,0.2442,0,-0.3526,-0.6538,0.6695,0,-0.0109,-0.7125,-0.7015,0,-1.0645,-2.2318,0.1232,1]},
{"frame":1,"values":[0.9357,-0.3468,0.0645,0,-0.3526,-0.9138,0.2014,0,-0.0109,-0.2112,-0.9774,0,-1.0645,-2.2253,0.1296,1]},
{"frame":2,"values":[0.9357,-0.349,0.0519,0,-0.3526,-0.9206,0.168,0,-0.0109,-0.1755,-0.9844,0,-1.0645,-2.225,0.13,1]},
{"frame":3,"values":[0.9357,-0.3499,0.045,0,-0.3526,-0.9237,0.1498,0,-0.0109,-0.156,-0.9877,0,-1.0645,-2.2248,0.1302,1]},
{"frame":4,"values":[0.9357,-0.3505,0.0402,0,-0.3526,-0.9257,0.1371,0,-0.0109,-0.1425,-0.9897,0,-1.0645,-2.2247,0.1304,1]},
{"frame":5,"values":[0.9357,-0.3509,0.0366,0,-0.3526,-0.927,0.1277,0,-0.0109,-0.1324,-0.9911,0,-1.0645,-2.2246,0.1305,1]},
{"frame":6,"values":[0.9357,-0.3512,0.0338,0,-0.3526,-0.928,0.1203,0,-0.0109,-0.1245,-0.9922,0,-1.0645,-2.2245,0.1306,1]},
{"frame":7,"values":[0.9357,-0.3514,0.0316,0,-0.3526,-0.9287,0.1145,0,-0.0109,-0.1183,-0.9929,0,-1.0645,-2.2245,0.1307,1]},
{"frame":8,"values":[0.9357,-0.3515,0.0299,0,-0.3526,-0.9293,0.1099,0,-0.0109,-0.1134,-0.9935,0,-1.0645,-2.2245,0.1308,1]},
{"frame":9,"values":[0.9357,-0.3516,0.0285,0,-0.3526,-0.9297,0.1062,0,-0.0109,-0.1094,-0.9939,0,-1.0645,-2.2244,0.1309,1]},
{"frame":10,"values":[0.9357,-0.3517,0.0273,0,-0.3526,-0.9301,0.1032,0,-0.0109,-0.1062,-0.9943,0,-1.0645,-2.2244,0.131,1]},
{"frame":11,"values":[0.9357,-0.3518,0.0265,0,-0.3526,-0.9303,0.1009,0,-0.0109,-0.1037,-0.9945,0,-1.0645,-2.2244,0.131,1]},
{"frame":12,"values":[0.9357,-0.3519,0.0258,0,-0.3526,-0.9305,0.099,0,-0.0109,-0.1017,-0.9948,0,-1.0645,-2.2244,0.1311,1]},
{"frame":13,"values":[0.9357,-0.3519,0.0252,0,-0.3526,-0.9307,0.0976,0,-0.0109,-0.1002,-0.9949,0,-1.0645,-2.2244,0.1311,1]},
{"frame":14,"values":[0.9357,-0.3519,0.0248,0,-0.3526,-0.9308,0.0965,0,-0.0109,-0.0991,-0.995,0,-1.0645,-2.2245,0.1311,1]},
{"frame":15,"values":[0.9357,-0.3519,0.0245,0,-0.3526,-0.9309,0.0958,0,-0.0109,-0.0983,-0.9951,0,-1.0645,-2.2245,0.1312,1]},
{"frame":16,"values":[0.9357,-0.352,0.0243,0,-0.3526,-0.9309,0.0953,0,-0.0109,-0.0977,-0.9952,0,-1.0645,-2.2245,0.1312,1]},
{"frame":17,"values":[0.9357,-0.352,0.0242,0,-0.3526,-0.9309,0.0949,0,-0.0109,-0.0974,-0.9952,0,-1.0645,-2.2245,0.1312,1]},
{"frame":18,"values":[0.9357,-0.352,0.0242,0,-0.3526,-0.931,0.0948,0,-0.0109,-0.0972,-0.9952,0,-1.0645,-2.2245,0.1312,1]},
{"frame":19,"values":[0.9357,-0.352,0.0241,0,-0.3526,-0.931,0.0947,0,-0.0109,-0.0971,-0.9952,0,-1.0645,-2.2245,0.1312,1]},
{"frame":21,"values":[0.9357,-0.3519,0.0245,0,-0.3526,-0.9309,0.0956,0,-0.0109,-0.098,-0.9951,0,-1.0645,-2.2245,0.1312,1]},
{"frame":22,"values":[0.9357,-0.3519,0.0254,0,-0.3526,-0.9306,0.0981,0,-0.0109,-0.1007,-0.9949,0,-1.0645,-2.2245,0.1312,1]},
{"frame":23,"values":[0.9357,-0.3518,0.027,0,-0.3526,-0.9302,0.1022,0,-0.0109,-0.1052,-0.9944,0,-1.0645,-2.2246,0.1311,1]},
{"frame":24,"values":[0.9357,-0.3516,0.0291,0,-0.3526,-0.9295,0.1079,0,-0.0109,-0.1113,-0.9937,0,-1.0645,-2.2247,0.131,1]},
{"frame":25,"values":[0.9357,-0.3514,0.0319,0,-0.3526,-0.9287,0.1152,0,-0.0109,-0.119,-0.9928,0,-1.0645,-2.2247,0.131,1]},
{"frame":26,"values":[0.9357,-0.351,0.0351,0,-0.3526,-0.9275,0.1238,0,-0.0109,-0.1283,-0.9917,0,-1.0645,-2.2248,0.1308,1]},
