{"producer":{"name":"Blender","version":"2.79 (sub 0)","exporter_version":"5.6.4","file":"darkbot16c.babylon"},
"autoClear":true,"clearColor":[0.0509,0.0509,0.0509],"ambientColor":[0,0,0],"gravity":[0,-9.81,0],
"materials":[{"name":"darkbot16c.Material","id":"darkbot16c.Material","ambient":[0.8,0.8,0.8],"diffuse":[0.64,0.64,0.64],"specular":[0.5,0.5,0.5],"emissive":[0,0,0],"specularPower":50,"alpha":1,"backFaceCulling":true,"checkReadyOnlyOnce":false,"maxSimultaneousLights":4},
{"name":"darkbot16c.botEyeWhite","id":"darkbot16c.botEyeWhite","ambient":[0.448,0.6619,0.6619],"diffuse":[0.448,0.6619,0.6619],"specular":[0.0773,0.4634,1],"emissive":[0.0493,0.0728,0.0728],"specularPower":50,"alpha":1,"backFaceCulling":true,"checkReadyOnlyOnce":false,"maxSimultaneousLights":4},
{"name":"darkbot16c.botIris","id":"darkbot16c.botIris","ambient":[0.1946,0.4737,1],"diffuse":[0.1946,0.4737,1],"specular":[0.5,0.5,0.5],"emissive":[0,0,0],"specularPower":50,"alpha":1,"backFaceCulling":true,"checkReadyOnlyOnce":false,"maxSimultaneousLights":4},
{"name":"darkbot16c.botBlackEye","id":"darkbot16c.botBlackEye","ambient":[0.0254,0.0254,0.0254],"diffuse":[0.0203,0.0203,0.0203],"specular":[0.0913,0.3293,0.5],"emissive":[0,0,0],"specularPower":50,"alpha":1,"backFaceCulling":true,"checkReadyOnlyOnce":false,"maxSimultaneousLights":4},
{"name":"darkbot16c.botEyeLid","id":"darkbot16c.botEyeLid","ambient":[0.1789,0.1789,0.1789],"diffuse":[0.1431,0.1431,0.1431],"specular":[0.1606,0.4037,0.5],"emissive":[0,0,0],"specularPower":50,"alpha":1,"backFaceCulling":true,"checkReadyOnlyOnce":false,"maxSimultaneousLights":4},
{"name":"darkbot16c.botGreyDark","id":"darkbot16c.botGreyDark","ambient":[0.055,0.055,0.055],"diffuse":[0.0488,0.0488,0.0488],"specular":[0.005,0.2057,0.888],"emissive":[0.0148,0.0148,0.0148],"specularPower":12,"alpha":1,"backFaceCulling":true,"checkReadyOnlyOnce":false,"maxSimultaneousLights":4},
{"name":"darkbot16c.botRoyalPurple","id":"darkbot16c.botRoyalPurple","ambient":[0.0386,0.0579,0.1574],"diffuse":[0.0231,0.0348,0.0945],"specular":[1,0.2485,0.6717],"emissive":[0.017,0.0255,0.0693],"specularPower":111,"alpha":1,"backFaceCulling":true,"checkReadyOnlyOnce":false,"maxSimultaneousLights":4},
{"name":"darkbot16c.botHighlightBlue","id":"darkbot16c.botHighlightBlue","ambient":[0.1039,0.1094,0.214],"diffuse":[0.0464,0.0488,0.0955],"specular":[0.2159,0.2491,0.888],"emissive":[0.0229,0.0241,0.0471],"specularPower":11,"alpha":1,"backFaceCulling":true,"checkReadyOnlyOnce":false,"maxSimultaneousLights":4},
{"name":"darkbot16c.botLightBlue","id":"darkbot16c.botLightBlue","ambient":[0.0516,0.0853,0.2957],"diffuse":[0.0458,0.0758,0.2626],"specular":[0.1741,0.2884,0.444],"emissive":[0.0113,0.0188,0.0651],"specularPower":1,"alpha":1,"backFaceCulling":true,"checkReadyOnlyOnce":false,"maxSimultaneousLights":4},
{"name":"darkbot16c.botHighlight2","id":"darkbot16c.botHighlight2","ambient":[0.1794,0.3241,0.8],"diffuse":[0.0361,0.0653,0.1611],"specular":[0,0,0],"emissive":[0.0395,0.0713,0.176],"specularPower":50,"alpha":1,"backFaceCulling":true,"checkReadyOnlyOnce":false,"maxSimultaneousLights":4},
{"name":"darkbot16c.botDarkKevlar","id":"darkbot16c.botDarkKevlar","ambient":[0.1013,0.1854,0.196],"diffuse":[0.0831,0.1521,0.1608],"specular":[0.0186,0.0127,0.585],"emissive":[0.0446,0.0816,0.0862],"specularPower":10,"alpha":1,"backFaceCulling":true,"checkReadyOnlyOnce":false,"maxSimultaneousLights":4},
{"name":"darkbot16c.botOrb","id":"darkbot16c.botOrb","ambient":[0.3593,0.6887,0.8],"diffuse":[0.3593,0.6887,0.8],"specular":[0.0477,0.0687,0.5],"emissive":[0.079,0.1515,0.176],"specularPower":4,"alpha":1,"backFaceCulling":true,"checkReadyOnlyOnce":false,"maxSimultaneousLights":4},
{"name":"darkbot16c.botEyeColor1","id":"darkbot16c.botEyeColor1","ambient":[0.0492,0.1856,0.8],"diffuse":[0.0393,0.1485,0.64],"specular":[0.1094,0.4576,0.5],"emissive":[0.0708,0.2673,1.152],"specularPower":50,"alpha":1,"backFaceCulling":true,"checkReadyOnlyOnce":false,"maxSimultaneousLights":4},
{"name":"darkbot16c.botEyeColor2","id":"darkbot16c.botEyeColor2","ambient":[0.8,0.8,0.8],"diffuse":[0.64,0.64,0.64],"specular":[0.5,0.5,0.5],"emissive":[0.088,0.088,0.088],"specularPower":50,"alpha":1,"backFaceCulling":true,"checkReadyOnlyOnce":false,"maxSimultaneousLights":4}],
"multiMaterials":[{"name":"darkbot16c.Multimaterial#0","id":"darkbot16c.Multimaterial#0","materials":["darkbot16c.Material","darkbot16c.botEyeWhite","darkbot16c.botIris","darkbot16c.botBlackEye","darkbot16c.botEyeLid","darkbot16c.botGreyDark","darkbot16c.botRoyalPurple","darkbot16c.botHighlightBlue","darkbot16c.botLightBlue","darkbot16c.botHighlight2","darkbot16c.botDarkKevlar","darkbot16c.botOrb","darkbot16c.botEyeColor1","darkbot16c.botEyeColor2"]}],
"skeletons":[{"name":"darkBotArmature","id":0,"dimensionsAtRest":[3.5567,5.3612,0.7725],"bones":[
{"name":"darkSpine","index":0,"matrix":[1,0,0,0,0,1,0,0,0,0,-1,0,0,2.8256,0,1],"rest":[1,0,0,0,0,1,0,0,0,0,-1,0,0,2.8256,0,1],"parentBoneIndex":-1,"length":1
,"animation":{"dataType":3,"framePerSecond":24,"keys":[
{"frame":0,"values":[1,0,0,0,0,1,0,0,0,0,-1,0,0,2.8256,0,1]},
{"frame":110,"values":[1,0,0,0,0,1,0,0,0,0,-1,0,0,2.8256,0,1]}],"loopBehavior":1,"name":"anim","property":"_matrix"}},
{"name":"darkShoulderL","index":1,"matrix":[0.0254,0.1682,0.9854,0,0.9994,-0.0254,-0.0214,0,0.0214,0.9854,-0.1688,0,1.1654,0.6636,-0.0296,1],"rest":[0.0254,0.1682,0.9854,0,0.9994,-0.0254,-0.0214,0,0.0214,0.9854,-0.1688,0,1.1654,0.6636,-0.0296,1],"parentBoneIndex":0,"length":0.3408
,"animation":{"dataType":3,"framePerSecond":24,"keys":[
{"frame":0,"values":[0.0254,0.1682,0.9854,0,0.9994,-0.0254,-0.0214,0,0.0214,0.9854,-0.1688,0,1.1654,0.6636,-0.0296,1]},
{"frame":110,"values":[0.0254,0.1682,0.9854,0,0.9994,-0.0254,-0.0214,0,0.0214,0.9854,-0.1688,0,1.1654,0.6636,-0.0296,1]}],"loopBehavior":1,"name":"anim","property":"_matrix"}},
{"name":"darkArmL","index":2,"matrix":[0.7842,0.6198,-0.0301,0,-0.206,0.2143,-0.9548,0,-0.5853,0.755,0.2957,0,0,0.3408,0,1],"rest":[0.7842,0.6198,-0.0301,0,-0.206,0.2143,-0.9548,0,-0.5853,0.755,0.2957,0,0,0.3408,0,1],"parentBoneIndex":1,"length":1.2763
,"animation":{"dataType":3,"framePerSecond":24,"keys":[
{"frame":0,"values":[0.7842,0.6198,-0.0301,0,-0.206,0.2143,-0.9548,0,-0.5853,0.755,0.2957,0,0,0.3408,0,1]},
{"frame":1,"values":[0.7849,0.6194,-0.0141,0,-0.186,0.2139,-0.959,0,-0.591,0.7554,0.2831,0,0,0.3408,0,1]},
{"frame":2,"values":[0.7851,0.6184,0.0345,0,-0.1247,0.2125,-0.9692,0,-0.6066,0.7566,0.244,0,0,0.3408,0,1]},
{"frame":3,"values":[0.7787,0.6168,0.1147,0,-0.0224,0.2101,-0.9774,0,-0.627,0.7586,0.1774,0,0,0.3408,0,1]},
{"frame":4,"values":[0.7572,0.6151,0.2196,0,0.1141,0.2065,-0.9718,0,-0.6431,0.7609,0.0862,0,0,0.3408,0,1]},
{"frame":5,"values":[0.715,0.6137,0.3348,0,0.2677,0.2019,-0.9421,0,-0.6458,0.7633,-0.0199,0,0,0.3408,0,1]},
{"frame":6,"values":[0.6551,0.613,0.4418,0,0.4147,0.1971,-0.8884,0,-0.6316,0.7652,-0.1251,0,0,0.3408,0,1]},
{"frame":7,"values":[0.5894,0.6128,0.5264,0,0.5346,0.1926,-0.8229,0,-0.6056,0.7664,-0.2141,0,0,0.3408,0,1]},
{"frame":8,"values":[0.5327,0.613,0.5834,0,0.618,0.1892,-0.7631,0,-0.5782,0.7671,-0.2781,0,0,0.3408,0,1]},
{"frame":9,"values":[0.4956,0.6133,0.615,0,0.6653,0.1871,-0.7228,0,-0.5584,0.7674,-0.3153,0,0,0.3408,0,1]},
{"frame":10,"values":[0.483,0.6134,0.6249,0,0.6803,0.1865,-0.7089,0,-0.5513,0.7674,-0.3272,0,0,0.3408,0,1]},
{"frame":21,"values":[0.4956,0.6133,0.615,0,0.6653,0.1871,-0.7228,0,-0.5584,0.7674,-0.3153,0,0,0.3408,0,1]},
{"frame":22,"values":[0.5327,0.613,0.5834,0,0.618,0.1892,-0.7631,0,-0.5782,0.7671,-0.2781,0,0,0.3408,0,1]},
{"frame":23,"values":[0.5894,0.6128,0.5264,0,0.5346,0.1926,-0.8229,0,-0.6056,0.7664,-0.2141,0,0,0.3408,0,1]},
{"frame":24,"values":[0.6551,0.613,0.4418,0,0.4147,0.1971,-0.8884,0,-0.6316,0.7652,-0.1251,0,0,0.3408,0,1]},
{"frame":25,"values":[0.715,0.6137,0.3348,0,0.2677,0.2019,-0.9421,0,-0.6458,0.7633,-0.0199,0,0,0.3408,0,1]},
{"frame":26,"values":[0.7572,0.6151,0.2196,0,0.1141,0.2065,-0.9718,0,-0.6431,0.7609,0.0862,0,0,0.3408,0,1]},
{"frame":27,"values":[0.7787,0.6168,0.1147,0,-0.0224,0.2101,-0.9774,0,-0.627,0.7586,0.1774,0,0,0.3408,0,1]},
{"frame":28,"values":[0.7851,0.6184,0.0345,0,-0.1247,0.2125,-0.9692,0,-0.6066,0.7566,0.244,0,0,0.3408,0,1]},
{"frame":29,"values":[0.7849,0.6194,-0.0141,0,-0.186,0.2139,-0.959,0,-0.591,0.7554,0.2831,0,0,0.3408,0,1]},
{"frame":30,"values":[0.7842,0.6198,-0.0301,0,-0.206,0.2143,-0.9548,0,-0.5853,0.755,0.2957,0,0,0.3408,0,1]},
{"frame":91,"values":[0.7167,0.6914,0.0909,0,-0.1398,0.2702,-0.9526,0,-0.6832,0.6701,0.2903,0,0,0.3408,0,1]},
{"frame":92,"values":[0.3866,0.8028,0.4538,0,0.0236,0.4833,-0.8751,0,-0.9219,0.3491,0.1679,0,0,0.3408,0,1]},
{"frame":93,"values":[-0.2358,0.6126,0.7544,0,0.063,0.7843,-0.6172,0,-0.9698,-0.098,-0.2235,0,0,0.3408,0,1]},
{"frame":94,"values":[-0.6291,0.2682,0.7295,0,-0.0626,0.918,-0.3915,0,-0.7748,-0.292,-0.5608,0,0,0.3408,0,1]},
{"frame":95,"values":[-0.7209,0.1407,0.6786,0,-0.1236,0.9374,-0.3257,0,-0.6819,-0.3186,-0.6584,0,0,0.3408,0,1]},
{"frame":96,"values":[-0.6291,0.2682,0.7295,0,-0.0626,0.918,-0.3915,0,-0.7748,-0.292,-0.5608,0,0,0.3408,0,1]},
{"frame":97,"values":[-0.2358,0.6126,0.7544,0,0.063,0.7843,-0.6172,0,-0.9698,-0.098,-0.2235,0,0,0.3408,0,1]},
{"frame":98,"values":[0.3866,0.8028,0.4538,0,0.0236,0.4833,-0.8751,0,-0.9219,0.3491,0.1679,0,0,0.3408,0,1]},
{"frame":99,"values":[0.7167,0.6914,0.0909,0,-0.1398,0.2702,-0.9526,0,-0.6832,0.6701,0.2903,0,0,0.3408,0,1]},
{"frame":100,"values":[0.7842,0.6198,-0.0301,0,-0.206,0.2143,-0.9548,0,-0.5853,0.755,0.2957,0,0,0.3408,0,1]},
{"frame":110,"values":[0.7842,0.6198,-0.0301,0,-0.206,0.2143,-0.9548,0,-0.5853,0.755,0.2957,0,0,0.3408,0,1]}],"loopBehavior":1,"name":"anim","property":"_matrix"}},
{"name":"darkHandL","index":3,"matrix":[0.2992,0.225,0.9273,0,-0.1712,0.9687,-0.1798,0,-0.9387,-0.1049,0.3284,0,0,1.2763,0,1],"rest":[0.2992,0.225,0.9273,0,-0.1712,0.9687,-0.1798,0,-0.9387,-0.1049,0.3284,0,0,1.2763,0,1],"parentBoneIndex":2,"length":0.7285
,"animation":{"dataType":3,"framePerSecond":24,"keys":[
{"frame":0,"values":[0.2992,0.225,0.9273,0,-0.1712,0.9687,-0.1798,0,-0.9387,-0.1049,0.3284,0,0,1.2763,0,1]},
{"frame":11,"values":[0.2341,0.1424,0.9617,0,-0.0962,0.9878,-0.1229,0,-0.9674,-0.0637,0.245,0,0,1.2763,0,1]},
{"frame":12,"values":[-0.0036,-0.0873,0.9962,0,0.1017,0.991,0.0873,0,-0.9948,0.1017,0.0054,0,0,1.2763,0,1]},
{"frame":13,"values":[-0.3719,-0.3068,0.8761,0,0.264,0.8699,0.4167,0,-0.8899,0.3862,-0.2425,0,0,1.2763,0,1]},
{"frame":14,"values":[-0.6316,-0.3733,0.6795,0,0.2852,0.7031,0.6513,0,-0.721,0.6052,-0.3376,0,0,1.2763,0,1]},
{"frame":15,"values":[-0.7075,-0.3748,0.5991,0,0.2724,0.6377,0.7205,0,-0.6521,0.673,-0.3491,0,0,1.2763,0,1]},
{"frame":16,"values":[-0.6996,-0.3751,0.6081,0,0.2742,0.645,0.7133,0,-0.6598,0.6658,-0.3484,0,0,1.2763,0,1]},
{"frame":17,"values":[-0.675,-0.3754,0.6352,0,0.2792,0.6669,0.6909,0,-0.683,0.6437,-0.3453,0,0,1.2763,0,1]},
{"frame":18,"values":[-0.6316,-0.3733,0.6795,0,0.2852,0.7031,0.6513,0,-0.721,0.6052,-0.3376,0,0,1.2763,0,1]},
{"frame":19,"values":[-0.567,-0.3648,0.7386,0,0.2884,0.752,0.5928,0,-0.7716,0.5491,-0.3212,0,0,1.2763,0,1]},
{"frame":20,"values":[-0.4799,-0.3443,0.8069,0,0.2833,0.8097,0.514,0,-0.8303,0.4752,-0.291,0,0,1.2763,0,1]},
{"frame":21,"values":[-0.3719,-0.3068,0.8761,0,0.264,0.8699,0.4167,0,-0.8899,0.3862,-0.2425,0,0,1.2763,0,1]},
{"frame":22,"values":[-0.2492,-0.2492,0.9358,0,0.2264,0.9246,0.3065,0,-0.9416,0.2882,-0.174,0,0,1.2763,0,1]},
{"frame":23,"values":[-0.1224,-0.1737,0.9772,0,0.1705,0.9663,0.1931,0,-0.9777,0.1902,-0.0887,0,0,1.2763,0,1]},
{"frame":24,"values":[-0.0036,-0.0873,0.9962,0,0.1017,0.991,0.0873,0,-0.9948,0.1017,0.0054,0,0,1.2763,0,1]},
{"frame":25,"values":[0.0978,-0.0002,0.9952,0,0.0288,0.9996,-0.0026,0,-0.9948,0.0289,0.0977,0,0,1.2763,0,1]},
{"frame":26,"values":[0.177,0.0785,0.9811,0,-0.0394,0.9966,-0.0726,0,-0.9834,-0.0258,0.1795,0,0,1.2763,0,1]},
{"frame":27,"values":[0.2341,0.1424,0.9617,0,-0.0962,0.9878,-0.1229,0,-0.9674,-0.0637,0.245,0,0,1.2763,0,1]},
{"frame":28,"values":[0.2717,0.1886,0.9437,0,-0.1378,0.9781,-0.1558,0,-0.9525,-0.0878,0.2917,0,0,1.2763,0,1]},
{"frame":29,"values":[0.2926,0.216,0.9315,0,-0.1629,0.9712,-0.174,0,-0.9423,-0.1008,0.3193,0,0,1.2763,0,1]},
{"frame":30,"values":[0.2992,0.225,0.9273,0,-0.1712,0.9687,-0.1798,0,-0.9387,-0.1049,0.3284,0,0,1.2763,0,1]},
{"frame":110,"values":[0.2992,0.225,0.9273,0,-0.1712,0.9687,-0.1798,0,-0.9387,-0.1049,0.3284,0,0,1.2763,0,1]}],"loopBehavior":1,"name":"anim","property":"_matrix"}},
{"name":"darkShoulderR","index":4,"matrix":[0,0,-1,0,-1,0,0,0,0,1,0,0,-1.0057,0.656,0,1],"rest":[0,0,-1,0,-1,0,0,0,0,1,0,0,-1.0057,0.656,0,1],"parentBoneIndex":0,"length":0.5159
,"animation":{"dataType":3,"framePerSecond":24,"keys":[
{"frame":0,"values":[0,0,-1,0,-1,0,0,0,0,1,0,0,-1.0057,0.656,0,1]},
{"frame":110,"values":[0,0,-1,0,-1,0,0,0,0,1,0,0,-1.0057,0.656,0,1]}],"loopBehavior":1,"name":"anim","property":"_matrix"}},
{"name":"darkArmR","index":5,"matrix":[0.9989,-0.0102,0.0453,0,0.0464,0.2187,-0.9747,0,0.0001,0.9757,0.219,0,0,0.5159,0,1],"rest":[0.9989,-0.0102,0.0453,0,0.0464,0.2187,-0.9747,0,0.0001,0.9757,0.219,0,0,0.5159,0,1],"parentBoneIndex":4,"length":1.3189
,"animation":{"dataType":3,"framePerSecond":24,"keys":[
{"frame":0,"values":[0.9989,-0.0102,0.0453,0,0.0464,0.2187,-0.9747,0,0.0001,0.9757,0.219,0,0,0.5159,0,1]},
{"frame":1,"values":[0.9997,-0.0102,0.0243,0,0.026,0.2187,-0.9754,0,0.0047,0.9757,0.2189,0,0,0.5159,0,1]},
{"frame":2,"values":[0.9992,-0.0102,-0.0394,0,-0.0362,0.2187,-0.9751,0,0.0186,0.9757,0.2182,0,0,0.5159,0,1]},
{"frame":3,"values":[0.9895,-0.0102,-0.1443,0,-0.1386,0.2187,-0.9659,0,0.0415,0.9757,0.215,0,0,0.5159,0,1]},
{"frame":4,"values":[0.9596,-0.0102,-0.2813,0,-0.2723,0.2187,-0.937,0,0.0711,0.9757,0.2071,0,0,0.5159,0,1]},
{"frame":5,"values":[0.9022,-0.0102,-0.4313,0,-0.4188,0.2187,-0.8813,0,0.1034,0.9757,0.193,0,0,0.5159,0,1]},
{"frame":6,"values":[0.8214,-0.0102,-0.5702,0,-0.5546,0.2187,-0.8029,0,0.1329,0.9757,0.174,0,0,0.5159,0,1]},
{"frame":7,"values":[0.7336,-0.0102,-0.6795,0,-0.6614,0.2187,-0.7174,0,0.156,0.9757,0.1537,0,0,0.5159,0,1]},
{"frame":8,"values":[0.6581,-0.0102,-0.7529,0,-0.7332,0.2187,-0.6439,0,0.1713,0.9757,0.1364,0,0,0.5159,0,1]},
{"frame":9,"values":[0.6088,-0.0102,-0.7933,0,-0.7727,0.2187,-0.5959,0,0.1796,0.9757,0.1252,0,0,0.5159,0,1]},
{"frame":10,"values":[0.592,-0.0102,-0.8059,0,-0.7851,0.2187,-0.5795,0,0.1822,0.9757,0.1214,0,0,0.5159,0,1]},
{"frame":11,"values":[0.5962,-0.0102,-0.8028,0,-0.782,0.2187,-0.5836,0,0.1816,0.9757,0.1224,0,0,0.5159,0,1]},
{"frame":12,"values":[0.6088,-0.0102,-0.7933,0,-0.7727,0.2187,-0.5959,0,0.1796,0.9757,0.1252,0,0,0.5159,0,1]},
{"frame":13,"values":[0.6296,-0.0102,-0.7769,0,-0.7567,0.2187,-0.6161,0,0.1762,0.9757,0.1299,0,0,0.5159,0,1]},
{"frame":14,"values":[0.6581,-0.0102,-0.7529,0,-0.7332,0.2187,-0.6439,0,0.1713,0.9757,0.1364,0,0,0.5159,0,1]},
{"frame":15,"values":[0.6933,-0.0102,-0.7206,0,-0.7017,0.2187,-0.6781,0,0.1646,0.9757,0.1444,0,0,0.5159,0,1]},
{"frame":16,"values":[0.7336,-0.0102,-0.6795,0,-0.6614,0.2187,-0.7174,0,0.156,0.9757,0.1537,0,0,0.5159,0,1]},
{"frame":17,"values":[0.7772,-0.0102,-0.6292,0,-0.6123,0.2187,-0.7598,0,0.1454,0.9757,0.1637,0,0,0.5159,0,1]},
{"frame":18,"values":[0.8214,-0.0102,-0.5702,0,-0.5546,0.2187,-0.8029,0,0.1329,0.9757,0.174,0,0,0.5159,0,1]},
{"frame":19,"values":[0.8639,-0.0102,-0.5035,0,-0.4894,0.2187,-0.8442,0,0.1188,0.9757,0.1839,0,0,0.5159,0,1]},
{"frame":20,"values":[0.9022,-0.0102,-0.4313,0,-0.4188,0.2187,-0.8813,0,0.1034,0.9757,0.193,0,0,0.5159,0,1]},
{"frame":21,"values":[0.9344,-0.0102,-0.3561,0,-0.3454,0.2187,-0.9126,0,0.0872,0.9757,0.2008,0,0,0.5159,0,1]},
{"frame":22,"values":[0.9596,-0.0102,-0.2813,0,-0.2723,0.2187,-0.937,0,0.0711,0.9757,0.2071,0,0,0.5159,0,1]},
{"frame":23,"values":[0.9777,-0.0102,-0.2097,0,-0.2025,0.2187,-0.9546,0,0.0557,0.9757,0.2118,0,0,0.5159,0,1]},
{"frame":24,"values":[0.9895,-0.0102,-0.1443,0,-0.1386,0.2187,-0.9659,0,0.0415,0.9757,0.215,0,0,0.5159,0,1]},
{"frame":25,"values":[0.9962,-0.0102,-0.087,0,-0.0827,0.2187,-0.9723,0,0.029,0.9757,0.217,0,0,0.5159,0,1]},
{"frame":26,"values":[0.9992,-0.0102,-0.0394,0,-0.0362,0.2187,-0.9751,0,0.0186,0.9757,0.2182,0,0,0.5159,0,1]},
{"frame":27,"values":[0.9999,-0.0102,-0.0022,0,0.0001,0.2187,-0.9758,0,0.0105,0.9757,0.2187,0,0,0.5159,0,1]},
{"frame":28,"values":[0.9997,-0.0102,0.0243,0,0.026,0.2187,-0.9754,0,0.0047,0.9757,0.2189,0,0,0.5159,0,1]},
{"frame":29,"values":[0.9991,-0.0102,0.0401,0,0.0414,0.2187,-0.9749,0,0.0012,0.9757,0.219,0,0,0.5159,0,1]},
{"frame":30,"values":[0.9989,-0.0102,0.0453,0,0.0464,0.2187,-0.9747,0,0.0001,0.9757,0.219,0,0,0.5159,0,1]},
{"frame":91,"values":[0.9916,-0.121,-0.0455,0,-0.0102,0.2781,-0.9605,0,0.1289,0.9529,0.2745,0,0,0.5159,0,1]},
{"frame":92,"values":[0.8376,-0.4107,-0.3601,0,-0.129,0.4918,-0.8611,0,0.5308,0.7678,0.3589,0,0,0.5159,0,1]},
{"frame":93,"values":[0.3589,-0.5579,-0.7483,0,-0.1025,0.7733,-0.6257,0,0.9277,0.3013,0.2203,0,0,0.5159,0,1]},
{"frame":94,"values":[-0.0601,-0.4407,-0.8956,0,0.0499,0.8948,-0.4437,0,0.9969,-0.0714,-0.0318,0,0,0.5159,0,1]},
{"frame":95,"values":[-0.1857,-0.3686,-0.9108,0,0.115,0.9124,-0.3927,0,0.9758,-0.1777,-0.1271,0,0,0.5159,0,1]},
{"frame":96,"values":[-0.0601,-0.4407,-0.8956,0,0.0499,0.8948,-0.4437,0,0.9969,-0.0714,-0.0318,0,0,0.5159,0,1]},
{"frame":97,"values":[0.3589,-0.5579,-0.7483,0,-0.1025,0.7733,-0.6257,0,0.9277,0.3013,0.2203,0,0,0.5159,0,1]},
{"frame":98,"values":[0.8376,-0.4107,-0.3601,0,-0.129,0.4918,-0.8611,0,0.5308,0.7678,0.3589,0,0,0.5159,0,1]},
{"frame":99,"values":[0.9916,-0.121,-0.0455,0,-0.0102,0.2781,-0.9605,0,0.1289,0.9529,0.2745,0,0,0.5159,0,1]},
{"frame":100,"values":[0.9989,-0.0102,0.0453,0,0.0464,0.2187,-0.9747,0,0.0001,0.9757,0.219,0,0,0.5159,0,1]},
{"frame":110,"values":[0.9989,-0.0102,0.0453,0,0.0464,0.2187,-0.9747,0,0.0001,0.9757,0.219,0,0,0.5159,0,1]}],"loopBehavior":1,"name":"anim","property":"_matrix"}},
{"name":"darkHandR","index":6,"matrix":[0.0148,-0.317,-0.9483,0,-0.044,0.9473,-0.3174,0,0.9989,0.0464,0.0001,0,0,1.3189,0,1],"rest":[0.0148,-0.317,-0.9483,0,-0.044,0.9473,-0.3174,0,0.9989,0.0464,0.0001,0,0,1.3189,0,1],"parentBoneIndex":5,"length":0.6857
,"animation":{"dataType":3,"framePerSecond":24,"keys":[
{"frame":0,"values":[0.0148,-0.317,-0.9483,0,-0.044,0.9473,-0.3174,0,0.9989,0.0464,0.0001,0,0,1.3189,0,1]},
{"frame":1,"values":[0.0066,-0.3081,-0.9513,0,-0.0458,0.9503,-0.3081,0,0.9989,0.0456,-0.0078,0,0,1.3189,0,1]},
{"frame":2,"values":[-0.0186,-0.2807,-0.9596,0,-0.0507,0.9588,-0.2794,0,0.9985,0.0435,-0.0321,0,0,1.3189,0,1]},
{"frame":3,"values":[-0.0615,-0.2336,-0.9704,0,-0.0573,0.9714,-0.2302,0,0.9965,0.0415,-0.0731,0,0,1.3189,0,1]},
{"frame":4,"values":[-0.1222,-0.1662,-0.9785,0,-0.0629,0.9852,-0.1595,0,0.9905,0.042,-0.1308,0,0,1.3189,0,1]},
{"frame":5,"values":[-0.1992,-0.0795,-0.9767,0,-0.0636,0.9957,-0.068,0,0.9779,0.0486,-0.2034,0,0,1.3189,0,1]},
{"frame":6,"values":[-0.2884,0.0229,-0.9572,0,-0.0552,0.9977,0.0405,0,0.9559,0.0645,-0.2865,0,0,1.3189,0,1]},
{"frame":7,"values":[-0.3827,0.1335,-0.9142,0,-0.0344,0.9868,0.1585,0,0.9232,0.0921,-0.3731,0,0,1.3189,0,1]},
{"frame":8,"values":[-0.4733,0.2423,-0.8469,0,-0.0007,0.9613,0.2755,0,0.8809,0.131,-0.4548,0,0,1.3189,0,1]},
{"frame":9,"values":[-0.5519,0.3398,-0.7615,0,0.0428,0.9236,0.3811,0,0.8328,0.1777,-0.5243,0,0,1.3189,0,1]},
{"frame":10,"values":[-0.614,0.4194,-0.6686,0,0.0906,0.879,0.4681,0,0.7841,0.2268,-0.5777,0,0,1.3189,0,1]},
{"frame":11,"values":[-0.6589,0.4792,-0.5799,0,0.1366,0.8343,0.5342,0,0.7398,0.2727,-0.6151,0,0,1.3189,0,1]},
{"frame":12,"values":[-0.6887,0.5207,-0.5045,0,0.1759,0.795,0.5805,0,0.7034,0.311,-0.6391,0,0,1.3189,0,1]},
{"frame":13,"values":[-0.7068,0.5471,-0.4484,0,0.2052,0.7653,0.6102,0,0.677,0.3393,-0.6532,0,0,1.3189,0,1]},
{"frame":14,"values":[-0.7164,0.5614,-0.4144,0,0.223,0.7469,0.6264,0,0.6611,0.3563,-0.6602,0,0,1.3189,0,1]},
{"frame":15,"values":[-0.7193,0.5658,-0.4031,0,0.2289,0.7408,0.6315,0,0.6559,0.362,-0.6624,0,0,1.3189,0,1]},
{"frame":16,"values":[-0.7164,0.5614,-0.4144,0,0.223,0.7469,0.6264,0,0.6611,0.3563,-0.6602,0,0,1.3189,0,1]},
{"frame":17,"values":[-0.7068,0.5471,-0.4484,0,0.2052,0.7653,0.6102,0,0.677,0.3393,-0.6532,0,0,1.3189,0,1]},
{"frame":18,"values":[-0.6887,0.5207,-0.5045,0,0.1759,0.795,0.5805,0,0.7034,0.311,-0.6391,0,0,1.3189,0,1]},
{"frame":19,"values":[-0.6589,0.4792,-0.5799,0,0.1366,0.8343,0.5342,0,0.7398,0.2727,-0.6151,0,0,1.3189,0,1]},
{"frame":20,"values":[-0.614,0.4194,-0.6686,0,0.0906,0.879,0.4681,0,0.7841,0.2268,-0.5777,0,0,1.3189,0,1]},
{"frame":21,"values":[-0.5519,0.3398,-0.7615,0,0.0428,0.9236,0.3811,0,0.8328,0.1777,-0.5243,0,0,1.3189,0,1]},
{"frame":22,"values":[-0.4733,0.2423,-0.8469,0,-0.0007,0.9613,0.2755,0,0.8809,0.131,-0.4548,0,0,1.3189,0,1]},
{"frame":23,"values":[-0.3828,0.1335,-0.9142,0,-0.0344,0.9868,0.1585,0,0.9232,0.0921,-0.3731,0,0,1.3189,0,1]},
{"frame":24,"values":[-0.2884,0.0229,-0.9572,0,-0.0552,0.9977,0.0405,0,0.9559,0.0645,-0.2865,0,0,1.3189,0,1]},
{"frame":25,"values":[-0.1992,-0.0795,-0.9767,0,-0.0636,0.9957,-0.068,0,0.9779,0.0486,-0.2034,0,0,1.3189,0,1]},
{"frame":26,"values":[-0.1222,-0.1662,-0.9785,0,-0.0629,0.9852,-0.1595,0,0.9905,0.042,-0.1308,0,0,1.3189,0,1]},
{"frame":27,"values":[-0.0615,-0.2336,-0.9704,0,-0.0573,0.9714,-0.2302,0,0.9965,0.0415,-0.0731,0,0,1.3189,0,1]},
{"frame":28,"values":[-0.0186,-0.2807,-0.9596,0,-0.0507,0.9588,-0.2794,0,0.9985,0.0435,-0.0321,0,0,1.3189,0,1]},
{"frame":29,"values":[0.0066,-0.3081,-0.9513,0,-0.0458,0.9503,-0.3081,0,0.9989,0.0456,-0.0078,0,0,1.3189,0,1]},
{"frame":30,"values":[0.0148,-0.317,-0.9483,0,-0.044,0.9473,-0.3174,0,0.9989,0.0464,0.0001,0,0,1.3189,0,1]},
{"frame":110,"values":[0.0148,-0.317,-0.9483,0,-0.044,0.9473,-0.3174,0,0.9989,0.0464,0.0001,0,0,1.3189,0,1]}],"loopBehavior":1,"name":"anim","property":"_matrix"}},
{"name":"darkHead","index":7,"matrix":[1,0,0,0,0,1,0,0,0,0,1,0,0,1.9611,0,1],"rest":[1,0,0,0,0,1,0,0,0,0,1,0,0,1.9611,0,1],"parentBoneIndex":0,"length":0.6709
,"animation":{"dataType":3,"framePerSecond":24,"keys":[
{"frame":0,"values":[1,0,0,0,0,1,0,0,0,0,1,0,0,1.9611,0,1]},
{"frame":31,"values":[0.9992,0,0.0405,0,0,1,0,0,-0.0405,0,0.9992,0,0,1.9611,0,1]},
{"frame":32,"values":[0.9879,0,0.1548,0,0,1,0,0,-0.1548,0,0.9879,0,0,1.9611,0,1]},
{"frame":33,"values":[0.9543,0,0.2989,0,0,1,0,0,-0.2989,0,0.9543,0,0,1.9611,0,1]},
{"frame":34,"values":[0.9137,0,0.4063,0,0,1,0,0,-0.4063,0,0.9137,0,0,1.9611,0,1]},
{"frame":35,"values":[0.8965,0,0.443,0,0,1,0,0,-0.443,0,0.8965,0,0,1.9611,0,1]},
{"frame":36,"values":[0.9072,0,0.4206,0,0,1,0,0,-0.4206,0,0.9072,0,0,1.9611,0,1]},
{"frame":37,"values":[0.9369,0,0.3496,0,0,1,0,0,-0.3496,0,0.9369,0,0,1.9611,0,1]},
{"frame":38,"values":[0.9714,0,0.2374,0,0,1,0,0,-0.2374,0,0.9714,0,0,1.9611,0,1]},
{"frame":39,"values":[0.9938,0,0.1115,0,0,1,0,0,-0.1115,0,0.9938,0,0,1.9611,0,1]},
{"frame":40,"values":[1,0,0,0,0,1,0,0,0,0,1,0,0,1.9611,0,1]},
{"frame":41,"values":[0.9929,0,-0.119,0,0,1,0,0,0.119,0,0.9929,0,0,1.9611,0,1]},
{"frame":42,"values":[0.9641,0,-0.2654,0,0,1,0,0,0.2654,0,0.9641,0,0,1.9611,0,1]},
{"frame":43,"values":[0.9156,0,-0.4022,0,0,1,0,0,0.4022,0,0.9156,0,0,1.9611,0,1]},
{"frame":44,"values":[0.8716,0,-0.4902,0,0,1,0,0,0.4902,0,0.8716,0,0,1.9611,0,1]},
{"frame":45,"values":[0.8552,0,-0.5182,0,0,1,0,0,0.5182,0,0.8552,0,0,1.9611,0,1]},
{"frame":46,"values":[0.8791,0,-0.4766,0,0,1,0,0,0.4766,0,0.8791,0,0,1.9611,0,1]},
{"frame":47,"values":[0.9357,0,-0.3527,0,0,1,0,0,0.3527,0,0.9357,0,0,1.9611,0,1]},
{"frame":48,"values":[0.9831,0,-0.1833,0,0,1,0,0,0.1833,0,0.9831,0,0,1.9611,0,1]},
{"frame":49,"values":[0.9988,0,-0.048,0,0,1,0,0,0.048,0,0.9988,0,0,1.9611,0,1]},
{"frame":50,"values":[1,0,0,0,0,1,0,0,0,0,1,0,0,1.9611,0,1]},
{"frame":51,"values":[1,0,0,0,0,0.9981,-0.0613,0,0,0.0613,0.9981,0,0,1.945,0,1]},
{"frame":52,"values":[1,0,0,0,0,0.9721,-0.2346,0,0,0.2346,0.9721,0,0,1.8996,0,1]},
{"frame":53,"values":[1,0,0,0,0,0.8942,-0.4477,0,0,0.4477,0.8942,0,0,1.8413,0,1]},
{"frame":54,"values":[1,0,0,0,0,0.8023,-0.5969,0,0,0.5969,0.8023,0,0,1.7959,0,1]},
{"frame":55,"values":[1,0,0,0,0,0.7642,-0.645,0,0,0.645,0.7642,0,0,1.7798,0,1]},
{"frame":56,"values":[1,0,0,0,0,0.8023,-0.5969,0,0,0.5969,0.8023,0,0,1.7959,0,1]},
{"frame":57,"values":[1,0,0,0,0,0.8942,-0.4477,0,0,0.4477,0.8942,0,0,1.8413,0,1]},
{"frame":58,"values":[1,0,0,0,0,0.9721,-0.2346,0,0,0.2346,0.9721,0,0,1.8996,0,1]},
{"frame":59,"values":[1,0,0,0,0,0.9981,-0.0613,0,0,0.0613,0.9981,0,0,1.945,0,1]},
{"frame":60,"values":[1,0,0,0,0,1,0,0,0,0,1,0,0,1.9611,0,1]},
{"frame":101,"values":[1,0,0,0,0,0.9997,0.0261,0,0,-0.0261,0.9997,0,0,1.9611,0.0581,1]},
{"frame":102,"values":[1,0,0,0,0,0.995,0.0997,0,0,-0.0997,0.995,0,0,1.9611,0.2218,1]},
{"frame":103,"values":[1,0,0,0,0,0.9811,0.1935,0,0,-0.1935,0.9811,0,0,1.9611,0.432,1]},
{"frame":104,"values":[1,0,0,0,0,0.9642,0.2652,0,0,-0.2652,0.9642,0,0,1.9611,0.5957,1]},
{"frame":105,"values":[1,0,0,0,0,0.9569,0.2903,0,0,-0.2903,0.9569,0,0,1.9611,0.6538,1]},
{"frame":106,"values":[1,0,0,0,0,0.9642,0.2652,0,0,-0.2652,0.9642,0,0,1.9611,0.5957,1]},
{"frame":107,"values":[1,0,0,0,0,0.9811,0.1935,0,0,-0.1935,0.9811,0,0,1.9611,0.432,1]},
{"frame":108,"values":[1,0,0,0,0,0.995,0.0997,0,0,-0.0997,0.995,0,0,1.9611,0.2218,1]},
{"frame":109,"values":[1,0,0,0,0,0.9997,0.0261,0,0,-0.0261,0.9997,0,0,1.9611,0.0581,1]},
{"frame":110,"values":[1,0,0,0,0,1,0,0,0,0,1,0,0,1.9611,0,1]}],"loopBehavior":1,"name":"anim","property":"_matrix"}},
{"name":"darkFootL","index":8,"matrix":[0.9672,0.1912,-0.1671,0,0.2539,-0.7404,0.6224,0,-0.0048,-0.6445,-0.7646,0,1.0375,-2.2466,0.1513,1],"rest":[0.9672,0.1912,-0.1671,0,0.2539,-0.7404,0.6224,0,-0.0048,-0.6445,-0.7646,0,1.0375,-2.2466,0.1513,1],"parentBoneIndex":0,"length":0.6518
,"animation":{"dataType":3,"framePerSecond":24,"keys":[
{"frame":0,"values":[0.9672,0.1912,-0.1671,0,0.2539,-0.7404,0.6224,0,-0.0048,-0.6445,-0.7646,0,1.0375,-2.2466,0.1513,1]},
{"frame":61,"values":[0.9687,0.1907,-0.1588,0,0.248,-0.7713,0.5862,0,-0.0107,-0.6072,-0.7945,0,1.0375,-2.2466,0.1513,1]},
{"frame":62,"values":[0.973,0.1872,-0.1353,0,0.2296,-0.8491,0.4757,0,-0.0258,-0.4939,-0.8691,0,1.0375,-2.2466,0.1513,1]},
{"frame":63,"values":[0.9783,0.1779,-0.1061,0,0.203,-0.9256,0.3194,0,-0.0413,-0.334,-0.9416,0,1.0375,-2.2466,0.1513,1]},
{"frame":64,"values":[0.9823,0.1672,-0.0848,0,0.1807,-0.9649,0.1908,0,-0.0499,-0.2027,-0.978,0,1.0375,-2.2466,0.1513,1]},
{"frame":65,"values":[0.9836,0.1627,-0.0777,0,0.1726,-0.9743,0.1444,0,-0.0522,-0.1555,-0.9865,0,1.0375,-2.2466,0.1513,1]},
{"frame":66,"values":[0.9823,0.1672,-0.0848,0,0.1807,-0.9649,0.1908,0,-0.0499,-0.2027,-0.978,0,1.0375,-2.2466,0.1513,1]},
{"frame":67,"values":[0.9783,0.1779,-0.1061,0,0.203,-0.9256,0.3194,0,-0.0413,-0.334,-0.9416,0,1.0375,-2.2466,0.1513,1]},
{"frame":68,"values":[0.973,0.1872,-0.1353,0,0.2296,-0.8491,0.4757,0,-0.0258,-0.4939,-0.8691,0,1.0375,-2.2466,0.1513,1]},
{"frame":69,"values":[0.9687,0.1907,-0.1588,0,0.248,-0.7713,0.5862,0,-0.0107,-0.6072,-0.7945,0,1.0375,-2.2466,0.1513,1]},
{"frame":70,"values":[0.9672,0.1912,-0.1671,0,0.2539,-0.7404,0.6224,0,-0.0048,-0.6445,-0.7646,0,1.0375,-2.2466,0.1513,1]},
{"frame":71,"values":[0.9687,0.1907,-0.1588,0,0.248,-0.7713,0.5862,0,-0.0107,-0.6072,-0.7945,0,1.0375,-2.2466,0.1513,1]},
{"frame":72,"values":[0.973,0.1872,-0.1353,0,0.2296,-0.8491,0.4757,0,-0.0258,-0.4939,-0.8691,0,1.0375,-2.2466,0.1513,1]},
{"frame":73,"values":[0.9783,0.1779,-0.1061,0,0.203,-0.9256,0.3194,0,-0.0413,-0.334,-0.9416,0,1.0375,-2.2466,0.1513,1]},
{"frame":74,"values":[0.9823,0.1672,-0.0848,0,0.1807,-0.9649,0.1908,0,-0.0499,-0.2027,-0.978,0,1.0375,-2.2466,0.1513,1]},
{"frame":75,"values":[0.9836,0.1627,-0.0777,0,0.1726,-0.9743,0.1444,0,-0.0522,-0.1555,-0.9865,0,1.0375,-2.2466,0.1513,1]},
{"frame":76,"values":[0.9823,0.1672,-0.0848,0,0.1807,-0.9649,0.1908,0,-0.0499,-0.2027,-0.978,0,1.0375,-2.2466,0.1513,1]},
{"frame":77,"values":[0.9783,0.1779,-0.1061,0,0.203,-0.9256,0.3194,0,-0.0413,-0.334,-0.9416,0,1.0375,-2.2466,0.1513,1]},
{"frame":78,"values":[0.973,0.1872,-0.1353,0,0.2296,-0.8491,0.4757,0,-0.0258,-0.4939,-0.8691,0,1.0375,-2.2466,0.1513,1]},
{"frame":79,"values":[0.9687,0.1907,-0.1588,0,0.248,-0.7713,0.5862,0,-0.0107,-0.6072,-0.7945,0,1.0375,-2.2466,0.1513,1]},
{"frame":80,"values":[0.9672,0.1912,-0.1671,0,0.2539,-0.7404,0.6224,0,-0.0048,-0.6445,-0.7646,0,1.0375,-2.2466,0.1513,1]},
{"frame":110,"values":[0.9672,0.1912,-0.1671,0,0.2539,-0.7404,0.6224,0,-0.0048,-0.6445,-0.7646,0,1.0375,-2.2466,0.1513,1]}],"loopBehavior":1,"name":"anim","property":"_matrix"}},
{"name":"darkFootR","index":9,"matrix":[0.9357,-0.2547,0.2442,0,-0.3526,-0.6538,0.6695,0,-0.0109,-0.7125,-0.7015,0,-1.0645,-2.2318,0.1232,1],"rest":[0.9357,-0.2547,0.2442,0,-0.3526,-0.6538,0.6695,0,-0.0109,-0.7125,-0.7015,0,-1.0645,-2.2318,0.1232,1],"parentBoneIndex":0,"length":0.7605
,"animation":{"dataType":3,"framePerSecond":24,"keys":[
{"frame":0,"values":[0.9357,-0.2547,0.2442,0,-0.3526,-0.6538,0.6695,0,-0.0109,-0.7125,-0.7015,0,-1.0645,-2.2318,0.1232,1]},
{"frame":61,"values":[0.9389,-0.254,0.232,0,-0.3441,-0.6894,0.6375,0,-0.002,-0.6784,-0.7347,0,-1.0645,-2.2318,0.1232,1]},
{"frame":62,"values":[0.9481,-0.2489,0.1979,0,-0.3173,-0.7811,0.5377,0,0.0208,-0.5726,-0.8196,0,-1.0645,-2.2318,0.1232,1]},
{"frame":63,"values":[0.9595,-0.235,0.1555,0,-0.2783,-0.8767,0.3923,0,0.0441,-0.4196,-0.9066,0,-1.0645,-2.2318,0.1232,1]},
{"frame":64,"values":[0.9677,-0.219,0.1246,0,-0.2454,-0.9312,0.2696,0,0.057,-0.2915,-0.9549,0,-1.0645,-2.2318,0.1232,1]},
{"frame":65,"values":[0.9705,-0.2123,0.1144,0,-0.2335,-0.946,0.2249,0,0.0605,-0.2449,-0.9677,0,-1.0645,-2.2318,0.1232,1]},
{"frame":66,"values":[0.9677,-0.219,0.1246,0,-0.2454,-0.9312,0.2696,0,0.057,-0.2915,-0.9549,0,-1.0645,-2.2318,0.1232,1]},
{"frame":67,"values":[0.9595,-0.235,0.1555,0,-0.2783,-0.8767,0.3923,0,0.0441,-0.4196,-0.9066,0,-1.0645,-2.2318,0.1232,1]},
{"frame":68,"values":[0.9481,-0.2489,0.1979,0,-0.3173,-0.7811,0.5377,0,0.0208,-0.5726,-0.8196,0,-1.0645,-2.2318,0.1232,1]},
{"frame":69,"values":[0.9389,-0.254,0.232,0,-0.3441,-0.6894,0.6375,0,-0.002,-0.6784,-0.7347,0,-1.0645,-2.2318,0.1232,1]},
{"frame":70,"values":[0.9357,-0.2547,0.2442,0,-0.3526,-0.6538,0.6695,0,-0.0109,-0.7125,-0.7015,0,-1.0645,-2.2318,0.1232,1]},
{"frame":81,"values":[0.9389,-0.254,0.232,0,-0.3441,-0.6894,0.6375,0,-0.002,-0.6784,-0.7347,0,-1.0645,-2.2318,0.1232,1]},
{"frame":82,"values":[0.9481,-0.2489,0.1979,0,-0.3173,-0.7811,0.5377,0,0.0208,-0.5726,-0.8196,0,-1.0645,-2.2318,0.1232,1]},
{"frame":83,"values":[0.9595,-0.235,0.1555,0,-0.2783,-0.8767,0.3923,0,0.0441,-0.4196,-0.9066,0,-1.0645,-2.2318,0.1232,1]},
{"frame":84,"values":[0.9677,-0.219,0.1246,0,-0.2454,-0.9312,0.2696,0,0.057,-0.2915,-0.9549,0,-1.0645,-2.2318,0.1232,1]},
{"frame":85,"values":[0.9705,-0.2123,0.1144,0,-0.2335,-0.946,0.2249,0,0.0605,-0.2449,-0.9677,0,-1.0645,-2.2318,0.1232,1]},
{"frame":86,"values":[0.9677,-0.219,0.1246,0,-0.2454,-0.9312,0.2696,0,0.057,-0.2915,-0.9549,0,-1.0645,-2.2318,0.1232,1]},
{"frame":87,"values":[0.9595,-0.235,0.1555,0,-0.2783,-0.8767,0.3923,0,0.0441,-0.4196,-0.9066,0,-1.0645,-2.2318,0.1232,1]},
{"frame":88,"values":[0.9481,-0.2489,0.1979,0,-0.3173,-0.7811,0.5377,0,0.0208,-0.5726,-0.8196,0,-1.0645,-2.2318,0.1232,1]},
{"frame":89,"values":[0.9389,-0.254,0.232,0,-0.3441,-0.6894,0.6375,0,-0.002,-0.6784,-0.7347,0,-1.0645,-2.2318,0.1232,1]},
{"frame":90,"values":[0.9357,-0.2547,0.2442,0,-0.3526,-0.6538,0.6695,0,-0.0109,-0.7125,-0.7015,0,-1.0645,-2.2318,0.1232,1]},
{"frame":110,"values":[0.9357,-0.2547,0.2442,0,-0.3526,-0.6538,0.6695,0,-0.0109,-0.7125,-0.7015,0,-1.0645,-2.2318,0.1232,1]}],"loopBehavior":1,"name":"anim","property":"_matrix"}}]
,"ranges":[{"name":"darkBotArmatureAction","from":0,"to":110}]}],
"meshes":[{"name":"darkBotMesh","id":"darkBotMesh","materialId":"darkbot16c.Multimaterial#0","billboardMode":0,"position":[0,-3.3256,0],"rotation":[0,0,0],"scaling":[1,1,1],"isVisible":true,"freezeWorldMatrix":false,"isEnabled":true,"checkCollisions":false,"receiveShadows":false,"pickable":true,"tags":"","skeletonId":0,"numBoneInfluencers":2
,"positions":[-0.3178,5.8462,-1.0551,-0.3683,5.806,-1.0516,-0.3319,5.8045,-1.063,-0.375,5.8485,-1.0372,-0.4019,5.7926,-1.0414,-0.4276,5.8274,-1.0212,-0.426,5.767,-1.0344,-0.4656,5.7873,-1.0102,-0.4357,5.7343,-1.032,-0.4707,5.6835,-1.0106,-0.4809,5.7359,-1.0064,-0.4371,5.6406,-1.0219,-0.4293,5.701,-1.0347,-0.3869,5.6154,-1.038,-0.4079,5.6737,-1.0419,-0.3296,5.6132,-1.0559,-0.3759,5.6576,-1.0521
,-0.3058,5.6696,-1.0737,-0.3395,5.6562,-1.0635,-0.2769,5.6343,-1.0719,-0.2818,5.6952,-1.0807,-0.2392,5.6744,-1.0829,-0.2721,5.7279,-1.0831,-0.2338,5.7782,-1.0825,-0.2238,5.7258,-1.0867,-0.2673,5.8212,-1.0712,-0.2785,5.7612,-1.0805,-0.2998,5.7886,-1.0733,0.3548,5.8389,-1.0398,0.4019,5.7997,-1.0388,0.4089,5.841,-1.025,0.433,5.7874,-1.0305,0.4587,5.8213,-1.0117,0.4552,5.764,-1.0249
,0.4946,5.7837,-1.0026,0.4642,5.734,-1.023,0.5091,5.7356,-0.9996,0.4994,5.6865,-1.0032,0.4583,5.7035,-1.0252,0.4676,5.6463,-1.0127,0.4385,5.6785,-1.0311,0.42,5.6227,-1.0261,0.4089,5.6638,-1.0394,0.3658,5.6206,-1.0409,0.344,5.6748,-1.0569,0.3159,5.6404,-1.0542,0.3218,5.6982,-1.0626,0.2803,5.678,-1.0632,0.3129,5.7282,-1.0645,0.2657,5.7261,-1.0663,0.2753,5.7752,-1.0627
,0.3188,5.7587,-1.0622,0.307,5.8155,-1.0533,0.3385,5.7838,-1.0564,0.3683,5.7984,-1.048,0.3751,5.6625,-1.0487,0.307,5.8155,-1.0533,0.3287,5.8982,-1.0127,0.2545,5.8617,-1.0336,0.2753,5.7752,-1.0627,0.2053,5.7991,-1.0483,0.2657,5.7261,-1.0663,0.1905,5.723,-1.0538,0.2131,5.6483,-1.0491,0.2686,5.59,-1.0351,0.2803,5.678,-1.0632,0.3457,5.5595,-1.0146,0.3159,5.6404,-1.0542
,0.42,5.6227,-1.0261,0.4297,5.5627,-0.9916,0.4676,5.6463,-1.0127,0.5038,5.5991,-0.9707,0.4994,5.6865,-1.0032,0.5532,5.6616,-0.956,0.5091,5.7356,-0.9996,0.5681,5.7377,-0.9504,0.5456,5.8123,-0.9551,0.4901,5.8709,-0.9692,0.4946,5.7837,-1.0026,0.4127,5.9015,-0.9897,0.4587,5.8213,-1.0117,0.3548,5.8389,-1.0398,-0.293,5.8983,-1.029,-0.2673,5.8212,-1.0712,-0.2196,5.8617,-1.0525
,-0.2338,5.7782,-1.0825,-0.1708,5.7992,-1.069,-0.2238,5.7258,-1.0867,-0.1563,5.723,-1.075,-0.1787,5.6483,-1.0695,-0.2392,5.6744,-1.0829,-0.2337,5.5899,-1.0535,-0.2769,5.6343,-1.0719,-0.3101,5.5594,-1.0303,-0.3296,5.6132,-1.0559,-0.3869,5.6154,-1.038,-0.3933,5.5626,-1.0044,-0.4371,5.6406,-1.0219,-0.4666,5.599,-0.9808,-0.4707,5.6835,-1.0106,-0.5155,5.6615,-0.9643,-0.4809,5.7359,-1.0064
,-0.5302,5.7377,-0.9582,-0.5079,5.8124,-0.9637,-0.4656,5.7873,-1.0102,-0.4528,5.871,-0.9798,-0.4276,5.8274,-1.0212,-0.3762,5.9016,-1.003,-0.375,5.8485,-1.0372,-0.3178,5.8462,-1.0551,0.3658,5.6206,-1.0409,0.4089,5.841,-1.025,0.3658,5.7013,-1.0591,0.3786,5.767,-1.0543,0.3629,5.7593,-1.0588,-0.3667,5.6931,-1.064,-0.3627,5.7702,-1.0638,-0.3802,5.7632,-1.0585,0.4131,5.7612,-1.045
,0.3965,5.7677,-1.0494,0.4003,5.6955,-1.0498,0.3823,5.6948,-1.0547,0.3524,5.7459,-1.0619,0.3493,5.7297,-1.0631,0.3539,5.7138,-1.0621,0.4159,5.7034,-1.0454,0.4265,5.7167,-1.0422,0.4249,5.7488,-1.042,0.4296,5.7329,-1.041,-0.3438,5.7695,-1.0697,-0.3477,5.6923,-1.0699,-0.3926,5.75,-1.0548,-0.3833,5.7015,-1.0587,-0.3977,5.733,-1.0536,-0.3943,5.7157,-1.055,-0.3302,5.6993,-1.0752
,-0.3177,5.7126,-1.0789,-0.3128,5.7297,-1.0801,-0.3161,5.7469,-1.0787,-0.3272,5.7612,-1.075,0.5544,5.0911,1.1535,0.7248,6.6208,1.0885,0.7254,5.0871,1.0877,1.1248,5.0871,-0.3655,0.7248,6.6208,-0.9161,0.7238,5.087,-0.9167,-0.0034,6.5736,-1.1532,-0.0024,5.0236,-1.2954,0.3891,4.1486,0.8019,0.9789,4.1486,-0.2707,0.3559,4.1486,0.8127,0.5737,6.6263,1.0943,-0.0034,6.6942,0.4394
,0.8831,6.6263,0.5239,1.2463,3.2841,0.0907,1.1475,2.2563,-0.2949,1.1097,2.2583,0.0898,1.1554,2.0058,0.506,1.2041,0.7842,0.3255,1.3622,0.428,0.8296,0.2288,4.0886,0.8296,-0.0037,4.0886,0.0885,0.2288,4.0886,0.0883,1.0595,0.5724,0.4051,0.0001,0.4076,1.8925,0.2288,0.4746,1.4514,0.231,0.5885,1.3609,0.2282,0.7302,-0.2102,-0.0037,0.6615,-0.2398,0.2288,0.6291,-0.1301
,0.2288,4.0886,-0.9722,-0.0037,3.8986,-0.991,0.2288,3.9714,-1.0892,1.1196,0.4452,1.0531,0.2288,2.4593,-0.8949,-0.0031,0.8167,-0.2806,-0.0045,2.254,1.2843,0.2288,2.2542,1.1268,-0.0037,4.0886,-0.8761,0.8495,0.428,-0.2082,1.3615,0.428,0.0256,1.0357,0.4271,-0.5254,1.3622,4.0878,-0.5313,0.8124,4.3216,-0.9823,1.29,4.4867,-0.406,0.7666,4.0886,-1.1468,0.7248,4.3216,-0.9936
,1.2109,0.0332,-0.9676,0.775,0.0332,-0.7678,1.5381,0.0332,-0.418,1.3622,0.428,0.0342,1.3622,0.4412,0.0228,-0.0037,3.5809,1.5297,0.2288,3.9883,1.4764,0.2288,3.4961,1.3767,1.2284,3.4741,1.2062,1.3622,3.7586,0.7725,1.3619,3.3341,0.6342,1.3622,3.7586,-0.5313,1.2185,3.3853,-0.8916,1.3619,3.3343,-0.4402,0.6546,2.2179,-0.8501,1.0393,2.2531,0.8588,1.3039,3.9576,1.3449
,0.7668,3.7586,1.489,1.6089,2.2777,0.6955,1.4933,2.2295,0.0907,1.388,4.1793,-0.62,1.4119,4.5782,-0.4944,0.6793,4.0886,-1.1584,0.7248,4.3216,-1.1151,1.1749,5.0871,0.3965,1.1749,6.6208,-0.1767,1.1749,5.0871,-0.1769,-0.0034,6.6829,-0.9967,-0.0034,6.7282,-0.4335,1.1254,6.6208,-0.3647,0.9719,6.6263,-0.3079,1.1191,6.6208,0.5458,1.1191,5.0871,0.5457,1.1749,6.6208,0.3973
,1.023,6.6263,0.4545,1.1097,6.6263,0.5367,1.7382,3.8889,0.0893,2.0738,3.0097,0.0907,1.6092,2.2773,-0.5313,1.5164,1.5267,0.09,1.6368,1.3741,-0.1809,1.6212,1.5177,-0.1809,0.6793,4.0886,0.0879,-0.0037,0.7608,0.487,0.6793,4.0878,-1.2796,0.5092,0.4626,-0.2308,0.5092,0.428,-0.1154,0.2406,0.4746,1.4521,0.7095,0.428,1.4507,0.4628,1.3381,0.7578,0.9539,0.428,1.0526
,0.6007,0.428,0.487,0.6793,4.0886,0.8296,1.6057,1.8158,0.355,1.3739,1.8179,0.0893,1.6381,1.8655,0.6955,1.6056,1.8166,-0.181,1.6381,1.8655,-0.5299,0.2288,0.745,0.4862,-0.0037,1.2679,0.8305,1.8742,1.892,0.3542,1.9988,1.8927,0.0891,1.8895,1.564,0.3536,1.6736,1.7802,0.5165,1.6368,1.3741,0.3538,1.6212,1.5173,0.3544,0.2409,5.7224,-0.4951,0.2168,5.8231,-0.5237
,0.267,5.8251,-0.51,0.2086,5.9092,-0.593,0.339,5.9725,-0.6596,0.3014,5.9129,-0.5676,0.2795,5.9711,-0.9189,0.3739,5.9945,-0.7712,0.2425,5.9894,-0.8071,0.2177,5.9678,-0.6929,0.3287,5.8982,-1.0127,0.4007,5.9758,-0.8857,0.3132,5.8068,-0.4977,0.4508,5.9283,-0.6299,0.4901,5.8709,-0.9692,0.5125,5.9317,-0.856,0.3871,5.8791,-0.545,0.4948,5.9467,-0.7391,0.5309,5.8437,-0.6094
,0.5456,5.8123,-0.9551,0.5925,5.8473,-0.8358,0.3465,5.772,-0.4894,0.4484,5.8145,-0.5295,0.5816,5.8551,-0.7169,0.36,5.7273,-0.4866,0.4732,5.7319,-0.5244,0.625,5.7396,-0.829,0.6167,5.7384,-0.7096,0.5633,5.7358,-0.6027,0.5681,5.7377,-0.9504,0.5935,5.6197,-0.7185,0.4567,5.6478,-0.5305,0.351,5.6818,-0.4899,0.5417,5.626,-0.6107,0.6036,5.6297,-0.837,0.4024,5.5788,-0.5469
,0.3215,5.6444,-0.4987,0.5164,5.5221,-0.7415,0.4708,5.5359,-0.6322,0.5532,5.6616,-0.956,0.5324,5.5395,-0.8582,0.5038,5.5991,-0.9707,0.4256,5.4868,-0.8884,0.2774,5.6225,-0.5113,0.3639,5.4832,-0.6624,0.3206,5.5384,-0.5701,0.4008,5.465,-0.7742,0.2271,5.6205,-0.5251,0.2426,5.4784,-0.6956,0.2277,5.5348,-0.5955,0.2695,5.4599,-0.8102,0.4297,5.5627,-0.9916,0.3043,5.4821,-0.9217
,0.1807,5.6389,-0.5374,0.1307,5.5227,-0.7253,0.2686,5.59,-1.0351,0.1926,5.5263,-0.9513,0.142,5.5687,-0.6183,0.1485,5.5078,-0.8423,0.1474,5.6739,-0.5458,0.0506,5.607,-0.7455,0.2131,5.6483,-1.0491,0.1125,5.6104,-0.9713,0.0807,5.6333,-0.6338,0.0618,5.5991,-0.8642,0.1341,5.7185,-0.5484,0.0558,5.7159,-0.639,0.0799,5.7181,-0.9781,0.0266,5.7155,-0.8712,0.0181,5.7146,-0.752
,0.1905,5.723,-1.0538,0.0395,5.8246,-0.7441,0.0722,5.8001,-0.6328,0.0497,5.8345,-0.8626,0.143,5.7641,-0.5451,0.1012,5.8281,-0.9701,0.1268,5.8692,-0.6166,0.1724,5.8015,-0.5363,0.1266,5.9322,-0.8397,0.1106,5.9149,-0.7229,0.2053,5.7991,-1.0483,0.1723,5.9183,-0.9489,0.2545,5.8617,-1.0336,0.9816,6.6263,0.533,-0.0034,6.7666,1.1212,0.3833,6.757,1.2448,-0.0034,6.9114,1.4219
,-0.0034,5.1973,1.3581,0.3834,5.1389,1.2166,0.6366,6.6263,1.0914,1.0117,0.428,0.9935,1.0678,0.428,1.0526,1.18,0.1026,-0.8897,1.5069,0.1027,-0.3398,0.7116,0.4271,-0.2726,1.3622,0.0038,1.4507,0.9944,0.0301,-0.043,0.7438,0.1026,-0.6898,0.6708,0.2648,-0.5073,1.5845,0.9083,0.0894,1.6629,1.7409,0.0906,1.6582,1.8907,0.6194,1.8589,2.2201,0.3548,2.0748,2.2211,0.0897
