{"producer":{"name":"Blender","version":"2.79 (sub 0)","exporter_version":"5.6.4","file":"orbySitUp6a.babylon"},
"autoClear":true,"clearColor":[0.0509,0.0509,0.0509],"ambientColor":[0,0,0],"gravity":[0,-9.81,0],
"materials":[{"name":"orbySitUp6a.irisblack","id":"orbySitUp6a.irisblack","ambient":[0,0,0],"diffuse":[0,0,0],"specular":[0.5,0.5,0.5],"emissive":[0,0,0],"specularPower":50,"alpha":1,"backFaceCulling":true,"checkReadyOnlyOnce":false,"maxSimultaneousLights":4},
{"name":"orbySitUp6a.defaultGrey","id":"orbySitUp6a.defaultGrey","ambient":[0.8,0.8,0.8],"diffuse":[0.64,0.64,0.64],"specular":[0.5,0.5,0.5],"emissive":[0,0,0],"specularPower":50,"alpha":1,"backFaceCulling":true,"checkReadyOnlyOnce":false,"maxSimultaneousLights":4},
{"name":"orbySitUp6a.microwave","id":"orbySitUp6a.microwave","ambient":[0.4031,0.3558,0.4291],"diffuse":[0.358,0.316,0.3811],"specular":[0.0463,0.1194,0.1783],"emissive":[0.0443,0.0391,0.0472],"specularPower":22,"alpha":1,"backFaceCulling":true,"checkReadyOnlyOnce":false,"maxSimultaneousLights":4},
{"name":"orbySitUp6a.spacewaverider","id":"orbySitUp6a.spacewaverider","ambient":[0.5083,0.8,0.437],"diffuse":[0.2257,0.3552,0.194],"specular":[0.3297,0.333,0.1615],"emissive":[0.2236,0.352,0.1923],"specularPower":28,"alpha":1,"backFaceCulling":true,"checkReadyOnlyOnce":false,"maxSimultaneousLights":4},
{"name":"orbySitUp6a.orbySkin","id":"orbySitUp6a.orbySkin","ambient":[0.7172,0.9259,0.9259],"diffuse":[0.3981,0.5139,0.5139],"specular":[0.017,0.0359,1],"emissive":[0.1578,0.2037,0.2037],"specularPower":44,"alpha":1,"backFaceCulling":true,"checkReadyOnlyOnce":false,"maxSimultaneousLights":4},
{"name":"orbySitUp6a.orbyHands","id":"orbySitUp6a.orbyHands","ambient":[1,1,1],"diffuse":[1,1,1],"specular":[0.008,0.2578,0.4868],"emissive":[0.22,0.22,0.22],"specularPower":444,"alpha":1,"backFaceCulling":true,"checkReadyOnlyOnce":false,"maxSimultaneousLights":4},
{"name":"orbySitUp6a.orbyArms","id":"orbySitUp6a.orbyArms","ambient":[0.6983,0.6983,0.6983],"diffuse":[0.6201,0.6201,0.6201],"specular":[0.0557,0.2677,0.555],"emissive":[0.0768,0.0768,0.0768],"specularPower":50,"alpha":1,"backFaceCulling":true,"checkReadyOnlyOnce":false,"maxSimultaneousLights":4},
{"name":"orbySitUp6a.orbyFeet","id":"orbySitUp6a.orbyFeet","ambient":[0.4019,0.4019,0.4019],"diffuse":[0.3215,0.3215,0.3215],"specular":[0.0366,0.121,0.5],"emissive":[0.0442,0.0442,0.0442],"specularPower":50,"alpha":1,"backFaceCulling":true,"checkReadyOnlyOnce":false,"maxSimultaneousLights":4},
{"name":"orbySitUp6a.orbyLegs","id":"orbySitUp6a.orbyLegs","ambient":[0.4574,0.4574,0.4574],"diffuse":[0.4062,0.4062,0.4062],"specular":[0.1358,0.3781,0.555],"emissive":[0.0503,0.0503,0.0503],"specularPower":50,"alpha":1,"backFaceCulling":true,"checkReadyOnlyOnce":false,"maxSimultaneousLights":4},
{"name":"orbySitUp6a.orbyEye","id":"orbySitUp6a.orbyEye","ambient":[1,1,1],"diffuse":[0.8,0.8,0.8],"specular":[0.0127,0.3943,0.444],"emissive":[0.22,0.22,0.22],"specularPower":222,"alpha":1,"backFaceCulling":true,"checkReadyOnlyOnce":false,"maxSimultaneousLights":4},
{"name":"orbySitUp6a.orbyIris10","id":"orbySitUp6a.orbyIris10","ambient":[0.1065,0.1065,0.1065],"diffuse":[0.0852,0.0852,0.0852],"specular":[0.0108,0.152,0.5],"emissive":[0,0,0],"specularPower":50,"alpha":1,"backFaceCulling":true,"checkReadyOnlyOnce":false,"maxSimultaneousLights":4},
{"name":"orbySitUp6a.orbyIris9","id":"orbySitUp6a.orbyIris9","ambient":[0.2079,0.2079,0.2079],"diffuse":[0.1664,0.1664,0.1664],"specular":[0.0548,0.1517,0.5],"emissive":[0,0,0],"specularPower":50,"alpha":1,"backFaceCulling":true,"checkReadyOnlyOnce":false,"maxSimultaneousLights":4},
{"name":"orbySitUp6a.orbyIris8","id":"orbySitUp6a.orbyIris8","ambient":[0.4386,0.4386,0.4386],"diffuse":[0.3509,0.3509,0.3509],"specular":[0.0235,0.4856,0.5],"emissive":[0,0,0],"specularPower":50,"alpha":1,"backFaceCulling":true,"checkReadyOnlyOnce":false,"maxSimultaneousLights":4},
{"name":"orbySitUp6a.orbyIris7","id":"orbySitUp6a.orbyIris7","ambient":[0.0635,0.0842,0.8],"diffuse":[0.0508,0.0674,0.64],"specular":[0.2253,0.5,0.4437],"emissive":[0,0,0],"specularPower":50,"alpha":1,"backFaceCulling":true,"checkReadyOnlyOnce":false,"maxSimultaneousLights":4},
{"name":"orbySitUp6a.orbyIris6","id":"orbySitUp6a.orbyIris6","ambient":[0.1902,0.1902,0.1902],"diffuse":[0.1522,0.1522,0.1522],"specular":[0.0074,0.0153,0.5],"emissive":[0,0,0],"specularPower":50,"alpha":1,"backFaceCulling":true,"checkReadyOnlyOnce":false,"maxSimultaneousLights":4},
{"name":"orbySitUp6a.orbyIris5","id":"orbySitUp6a.orbyIris5","ambient":[0.115,0.115,0.115],"diffuse":[0.092,0.092,0.092],"specular":[0.0491,0.1438,0.5],"emissive":[0,0,0],"specularPower":50,"alpha":1,"backFaceCulling":true,"checkReadyOnlyOnce":false,"maxSimultaneousLights":4},
{"name":"orbySitUp6a.orbyIris4","id":"orbySitUp6a.orbyIris4","ambient":[0.0985,0.0985,0.0985],"diffuse":[0.0788,0.0788,0.0788],"specular":[0.023,0.0416,0.5],"emissive":[0,0,0],"specularPower":50,"alpha":1,"backFaceCulling":true,"checkReadyOnlyOnce":false,"maxSimultaneousLights":4},
{"name":"orbySitUp6a.orbyIris3","id":"orbySitUp6a.orbyIris3","ambient":[0.023,0.0732,0.1106],"diffuse":[0.0184,0.0586,0.0885],"specular":[0.131,0.5,0.3528],"emissive":[0,0,0],"specularPower":50,"alpha":1,"backFaceCulling":true,"checkReadyOnlyOnce":false,"maxSimultaneousLights":4},
{"name":"orbySitUp6a.orbyIris2","id":"orbySitUp6a.orbyIris2","ambient":[0.2741,0.5437,0.8],"diffuse":[0.2434,0.4828,0.7104],"specular":[0.2054,0.555,0.3756],"emissive":[0,0,0],"specularPower":50,"alpha":1,"backFaceCulling":true,"checkReadyOnlyOnce":false,"maxSimultaneousLights":4},
{"name":"orbySitUp6a.orbyIris1","id":"orbySitUp6a.orbyIris1","ambient":[0.0026,0.0026,0.0026],"diffuse":[0.0021,0.0021,0.0021],"specular":[0.0036,0.5,0.5],"emissive":[0,0,0],"specularPower":50,"alpha":1,"backFaceCulling":true,"checkReadyOnlyOnce":false,"maxSimultaneousLights":4},
{"name":"orbySitUp6a.orbyMouthBlack","id":"orbySitUp6a.orbyMouthBlack","ambient":[0.031,0.031,0.031],"diffuse":[0.031,0.031,0.031],"specular":[0.888,0.0742,0.6411],"emissive":[0,0,0],"specularPower":50,"alpha":1,"backFaceCulling":true,"checkReadyOnlyOnce":false,"maxSimultaneousLights":4},
{"name":"orbySitUp6a.orbyTongue","id":"orbySitUp6a.orbyTongue","ambient":[0.8,0.1277,0.5151],"diffuse":[0.64,0.1021,0.4121],"specular":[0.0263,0.0084,0.4573],"emissive":[0,0,0],"specularPower":50,"alpha":1,"backFaceCulling":true,"checkReadyOnlyOnce":false,"maxSimultaneousLights":4}],
"multiMaterials":[{"name":"orbySitUp6a.Multimaterial#0","id":"orbySitUp6a.Multimaterial#0","materials":["orbySitUp6a.irisblack","orbySitUp6a.defaultGrey"]},{"name":"orbySitUp6a.Multimaterial#1","id":"orbySitUp6a.Multimaterial#1","materials":["orbySitUp6a.microwave","orbySitUp6a.spacewaverider"]},{"name":"orbySitUp6a.Multimaterial#2","id":"orbySitUp6a.Multimaterial#2","materials":["orbySitUp6a.microwave","orbySitUp6a.spacewaverider"]},{"name":"orbySitUp6a.Multimaterial#3","id":"orbySitUp6a.Multimaterial#3","materials":["orbySitUp6a.orbySkin","orbySitUp6a.orbyHands","orbySitUp6a.orbyArms","orbySitUp6a.orbyFeet","orbySitUp6a.orbyLegs","orbySitUp6a.orbyEye","orbySitUp6a.orbyIris10","orbySitUp6a.orbyIris9","orbySitUp6a.orbyIris8","orbySitUp6a.orbyIris7","orbySitUp6a.orbyIris6","orbySitUp6a.orbyIris5","orbySitUp6a.orbyIris4","orbySitUp6a.orbyIris3","orbySitUp6a.orbyIris2","orbySitUp6a.orbyIris1","orbySitUp6a.orbyMouthBlack","orbySitUp6a.orbyTongue"]},{"name":"orbySitUp6a.Multimaterial#4","id":"orbySitUp6a.Multimaterial#4","materials":["orbySitUp6a.orbySkin","orbySitUp6a.orbyHands","orbySitUp6a.orbyArms","orbySitUp6a.orbyFeet","orbySitUp6a.orbyLegs","orbySitUp6a.orbyEye","orbySitUp6a.orbyIris10","orbySitUp6a.orbyIris9","orbySitUp6a.orbyIris8","orbySitUp6a.orbyIris7","orbySitUp6a.orbyIris6","orbySitUp6a.orbyIris5","orbySitUp6a.orbyIris4","orbySitUp6a.orbyIris3","orbySitUp6a.orbyIris2","orbySitUp6a.orbyIris1"]},{"name":"orbySitUp6a.Multimaterial#5","id":"orbySitUp6a.Multimaterial#5","materials":["orbySitUp6a.orbySkin","orbySitUp6a.orbyHands","orbySitUp6a.orbyArms","orbySitUp6a.orbyFeet","orbySitUp6a.orbyLegs","orbySitUp6a.orbyEye","orbySitUp6a.orbyIris10","orbySitUp6a.orbyIris9","orbySitUp6a.orbyIris8","orbySitUp6a.orbyIris7","orbySitUp6a.orbyIris6","orbySitUp6a.orbyIris5","orbySitUp6a.orbyIris4","orbySitUp6a.orbyIris3","orbySitUp6a.orbyIris2","orbySitUp6a.orbyIris1"]}],
"skeletons":[{"name":"ArmatureOrby","id":0,"dimensionsAtRest":[4.6303,3.7959,5.5735],"bones":[
{"name":"L_handIK","index":0,"matrix":[-0.9794,0,0.2022,0,-0.2022,0,-0.9793,0,0,1,0,0,-0.4291,0.2373,-2.145,1],"rest":[-0.9794,0,0.2022,0,-0.2022,0,-0.9793,0,0,1,0,0,-0.4291,0.2373,-2.145,1],"parentBoneIndex":-1,"length":0.2491
,"animation":{"dataType":3,"framePerSecond":24,"keys":[
{"frame":0,"values":[-0.9794,0,0.2022,0,-0.2022,0,-0.9793,0,0,1,0,0,-0.4291,0.2373,-2.145,1]},
{"frame":151,"values":[-0.9788,0.0325,0.2022,0,-0.2021,0.0067,-0.9793,0,0.0332,0.9994,0,0,-0.3798,0.2378,-2.145,1]},
{"frame":152,"values":[-0.9703,0.1328,0.2022,0,-0.2003,0.0274,-0.9793,0,0.1356,0.9908,0,0,-0.2316,0.2396,-2.145,1]},
{"frame":153,"values":[-0.9322,0.3002,0.2022,0,-0.1924,0.062,-0.9793,0,0.3066,0.9518,0,0,0.0095,0.2424,-2.145,1]},
{"frame":154,"values":[-0.8329,0.5152,0.2022,0,-0.1719,0.1064,-0.9793,0,0.5261,0.8504,0,0,0.3248,0.246,-2.145,1]},
{"frame":155,"values":[-0.6547,0.7284,0.2022,0,-0.1352,0.1504,-0.9793,0,0.7437,0.6685,0,0,0.682,0.2502,-2.145,1]},
{"frame":156,"values":[-0.4238,0.8829,0.2022,0,-0.0875,0.1823,-0.9793,0,0.9015,0.4327,0,0,1.0391,0.2543,-2.145,1]},
{"frame":157,"values":[-0.1995,0.9588,0.2022,0,-0.0412,0.1979,-0.9793,0,0.979,0.2037,0,0,1.3544,0.258,-2.145,1]},
{"frame":158,"values":[-0.029,0.9789,0.2022,0,-0.006,0.2021,-0.9793,0,0.9996,0.0296,0,0,1.5955,0.2608,-2.145,1]},
{"frame":159,"values":[0.0717,0.9767,0.2022,0,0.0148,0.2016,-0.9793,0,0.9973,-0.0732,0,0,1.7438,0.2625,-2.145,1]},
{"frame":160,"values":[0.1041,0.9738,0.2022,0,0.0215,0.201,-0.9793,0,0.9943,-0.1062,0,0,1.793,0.2631,-2.145,1]},
{"frame":210,"values":[0.1041,0.9738,0.2022,0,0.0215,0.201,-0.9793,0,0.9943,-0.1062,0,0,1.793,0.2631,-2.145,1]}],"loopBehavior":1,"name":"anim","property":"_matrix"}},
{"name":"R_handIK","index":1,"matrix":[0.9793,0,-0.2022,0,0.2022,0,0.9793,0,0,1,0,0,0.4555,0.2373,2.1396,1],"rest":[0.9793,0,-0.2022,0,0.2022,0,0.9793,0,0,1,0,0,0.4555,0.2373,2.1396,1],"parentBoneIndex":-1,"length":0.2491
,"animation":{"dataType":3,"framePerSecond":24,"keys":[
{"frame":0,"values":[0.9793,0,-0.2022,0,0.2022,0,0.9793,0,0,1,0,0,0.4555,0.2373,2.1396,1]},
{"frame":151,"values":[0.9788,-0.0325,-0.2022,0,0.2021,-0.0067,0.9793,0,0.0332,0.9994,0,0,0.483,0.2183,2.1396,1]},
{"frame":152,"values":[0.9703,-0.1328,-0.2022,0,0.2003,-0.0274,0.9793,0,0.1356,0.9908,0,0,0.566,0.1614,2.1396,1]},
{"frame":153,"values":[0.9322,-0.3002,-0.2022,0,0.1925,-0.062,0.9793,0,0.3066,0.9518,0,0,0.7009,0.0688,2.1396,1]},
{"frame":154,"values":[0.8329,-0.5152,-0.2022,0,0.172,-0.1064,0.9793,0,0.5261,0.8504,0,0,0.8774,-0.0524,2.1396,1]},
{"frame":155,"values":[0.6547,-0.7284,-0.2022,0,0.1352,-0.1504,0.9793,0,0.7437,0.6685,0,0,1.0773,-0.1896,2.1396,1]},
{"frame":156,"values":[0.4238,-0.8829,-0.2022,0,0.0875,-0.1823,0.9793,0,0.9015,0.4327,0,0,1.2771,-0.3268,2.1396,1]},
{"frame":157,"values":[0.1995,-0.9588,-0.2022,0,0.0412,-0.198,0.9793,0,0.979,0.2037,0,0,1.4536,-0.448,2.1396,1]},
{"frame":158,"values":[0.029,-0.9789,-0.2022,0,0.006,-0.2021,0.9793,0,0.9996,0.0296,0,0,1.5885,-0.5406,2.1396,1]},
{"frame":159,"values":[-0.0717,-0.9767,-0.2022,0,-0.0148,-0.2016,0.9793,0,0.9973,-0.0732,0,0,1.6715,-0.5975,2.1396,1]},
{"frame":160,"values":[-0.1041,-0.9738,-0.2022,0,-0.0215,-0.201,0.9793,0,0.9943,-0.1062,0,0,1.699,-0.6165,2.1396,1]},
{"frame":210,"values":[-0.1041,-0.9738,-0.2022,0,-0.0215,-0.201,0.9793,0,0.9943,-0.1062,0,0,1.699,-0.6165,2.1396,1]}],"loopBehavior":1,"name":"anim","property":"_matrix"}},
{"name":"L_footIK","index":2,"matrix":[0.0333,-0.0001,0.9994,0,-0.9988,-0.0348,0.0333,0,-0.0348,0.9994,0.0013,0,-0.1752,-2.5601,-1.0472,1],"rest":[0.2728,-0.0001,0.9621,0,-0.9615,-0.0348,0.2726,0,-0.0335,0.9994,0.0096,0,-0.028,-2.5952,-0.971,1],"parentBoneIndex":-1,"length":0.3542
,"animation":{"dataType":3,"framePerSecond":24,"keys":[
{"frame":0,"values":[0.0333,-0.0001,0.9994,0,-0.9988,-0.0348,0.0333,0,-0.0348,0.9994,0.0013,0,-0.1752,-2.5601,-1.0472,1]},
{"frame":41,"values":[0.0333,-0.0003,0.9994,0,-0.9969,-0.0716,0.0332,0,-0.0716,0.9974,0.0027,0,-0.181,-2.5377,-1.047,1]},
{"frame":42,"values":[0.0334,-0.0009,0.9994,0,-0.984,-0.1753,0.0327,0,-0.1752,0.9845,0.0067,0,-0.1973,-2.4747,-1.0464,1]},
{"frame":43,"values":[0.0335,-0.0016,0.9994,0,-0.9515,-0.306,0.0314,0,-0.3058,0.952,0.0118,0,-0.2184,-2.3937,-1.0456,1]},
{"frame":44,"values":[0.0337,-0.0021,0.9994,0,-0.9144,-0.4037,0.03,0,-0.4034,0.9149,0.0155,0,-0.2347,-2.3307,-1.0449,1]},
{"frame":45,"values":[0.0338,-0.0023,0.9994,0,-0.8989,-0.4372,0.0294,0,-0.4369,0.8994,0.0168,0,-0.2405,-2.3083,-1.0447,1]},
{"frame":46,"values":[0.0337,-0.0021,0.9994,0,-0.9144,-0.4037,0.03,0,-0.4034,0.9149,0.0155,0,-0.2347,-2.3307,-1.0449,1]},
{"frame":47,"values":[0.0335,-0.0016,0.9994,0,-0.9515,-0.306,0.0314,0,-0.3058,0.952,0.0118,0,-0.2184,-2.3937,-1.0456,1]},
{"frame":48,"values":[0.0334,-0.0009,0.9994,0,-0.984,-0.1753,0.0327,0,-0.1752,0.9845,0.0067,0,-0.1973,-2.4747,-1.0464,1]},
{"frame":49,"values":[0.0333,-0.0003,0.9994,0,-0.9969,-0.0716,0.0332,0,-0.0716,0.9974,0.0027,0,-0.181,-2.5377,-1.047,1]},
{"frame":50,"values":[0.0333,-0.0001,0.9994,0,-0.9988,-0.0348,0.0333,0,-0.0348,0.9994,0.0013,0,-0.1752,-2.5601,-1.0472,1]},
{"frame":51,"values":[0.0333,-0.0002,0.9994,0,-0.9985,-0.044,0.0332,0,-0.0439,0.999,0.0016,0,-0.1766,-2.5545,-1.0472,1]},
{"frame":52,"values":[0.0333,-0.0003,0.9994,0,-0.9969,-0.0716,0.0332,0,-0.0716,0.9974,0.0027,0,-0.181,-2.5377,-1.047,1]},
{"frame":53,"values":[0.0333,-0.0006,0.9994,0,-0.9926,-0.1167,0.033,0,-0.1166,0.9932,0.0044,0,-0.1881,-2.5104,-1.0467,1]},
{"frame":54,"values":[0.0334,-0.0009,0.9994,0,-0.984,-0.1753,0.0327,0,-0.1752,0.9845,0.0067,0,-0.1973,-2.4747,-1.0464,1]},
{"frame":55,"values":[0.0334,-0.0012,0.9994,0,-0.9699,-0.2412,0.0321,0,-0.241,0.9705,0.0093,0,-0.2078,-2.4342,-1.046,1]},
{"frame":56,"values":[0.0335,-0.0016,0.9994,0,-0.9515,-0.306,0.0314,0,-0.3058,0.952,0.0118,0,-0.2184,-2.3937,-1.0456,1]},
{"frame":57,"values":[0.0336,-0.0019,0.9994,0,-0.9317,-0.3619,0.0307,0,-0.3616,0.9322,0.0139,0,-0.2276,-2.358,-1.0452,1]},
{"frame":58,"values":[0.0337,-0.0021,0.9994,0,-0.9144,-0.4037,0.03,0,-0.4034,0.9149,0.0155,0,-0.2347,-2.3307,-1.0449,1]},
{"frame":59,"values":[0.0338,-0.0022,0.9994,0,-0.9029,-0.4289,0.0295,0,-0.4286,0.9034,0.0165,0,-0.2391,-2.3139,-1.0448,1]},
{"frame":60,"values":[0.0338,-0.0023,0.9994,0,-0.8989,-0.4372,0.0294,0,-0.4369,0.8994,0.0168,0,-0.2405,-2.3083,-1.0447,1]},
{"frame":61,"values":[0.0338,-0.0023,0.9994,0,-0.8999,-0.4351,0.0294,0,-0.4348,0.9004,0.0167,0,-0.2402,-2.3097,-1.0448,1]},
{"frame":62,"values":[0.0338,-0.0022,0.9994,0,-0.9029,-0.4289,0.0295,0,-0.4286,0.9034,0.0165,0,-0.2391,-2.3139,-1.0449,1]},
{"frame":63,"values":[0.0337,-0.0022,0.9994,0,-0.9078,-0.4184,0.0297,0,-0.4181,0.9083,0.0161,0,-0.2374,-2.3209,-1.0452,1]},
{"frame":64,"values":[0.0337,-0.0021,0.9994,0,-0.9144,-0.4037,0.03,0,-0.4034,0.9149,0.0155,0,-0.2349,-2.3307,-1.0455,1]},
{"frame":65,"values":[0.0337,-0.002,0.9994,0,-0.9225,-0.3848,0.0303,0,-0.3845,0.923,0.0148,0,-0.2317,-2.3431,-1.046,1]},
{"frame":66,"values":[0.0336,-0.0019,0.9994,0,-0.9317,-0.3619,0.0307,0,-0.3616,0.9322,0.0139,0,-0.228,-2.358,-1.0465,1]},
{"frame":67,"values":[0.0336,-0.0017,0.9994,0,-0.9415,-0.3355,0.031,0,-0.3352,0.9421,0.0129,0,-0.2237,-2.375,-1.047,1]},
{"frame":68,"values":[0.0335,-0.0016,0.9994,0,-0.9515,-0.306,0.0314,0,-0.3058,0.952,0.0118,0,-0.2189,-2.3937,-1.0476,1]},
{"frame":69,"values":[0.0335,-0.0014,0.9994,0,-0.9611,-0.2743,0.0318,0,-0.2741,0.9617,0.0105,0,-0.2138,-2.4137,-1.0481,1]},
{"frame":70,"values":[0.0334,-0.0012,0.9994,0,-0.9699,-0.2412,0.0321,0,-0.241,0.9705,0.0093,0,-0.2086,-2.4342,-1.0487,1]},
{"frame":71,"values":[0.0334,-0.001,0.9994,0,-0.9776,-0.2079,0.0324,0,-0.2077,0.9782,0.008,0,-0.2033,-2.4548,-1.0491,1]},
{"frame":72,"values":[0.0334,-0.0009,0.9994,0,-0.984,-0.1753,0.0327,0,-0.1752,0.9845,0.0067,0,-0.1982,-2.4747,-1.0495,1]},
{"frame":73,"values":[0.0333,-0.0007,0.9994,0,-0.9889,-0.1446,0.0329,0,-0.1445,0.9895,0.0055,0,-0.1934,-2.4934,-1.0497,1]},
{"frame":74,"values":[0.0333,-0.0006,0.9994,0,-0.9926,-0.1167,0.033,0,-0.1166,0.9932,0.0044,0,-0.189,-2.5104,-1.0499,1]},
{"frame":75,"values":[0.0333,-0.0004,0.9994,0,-0.9952,-0.0921,0.0331,0,-0.0921,0.9957,0.0035,0,-0.185,-2.5253,-1.0498,1]},
{"frame":76,"values":[0.0333,-0.0003,0.9994,0,-0.9969,-0.0716,0.0332,0,-0.0716,0.9974,0.0027,0,-0.1817,-2.5377,-1.0496,1]},
{"frame":77,"values":[0.0333,-0.0002,0.9994,0,-0.9979,-0.0555,0.0332,0,-0.0555,0.9985,0.0021,0,-0.1791,-2.5475,-1.0493,1]},
{"frame":78,"values":[0.0333,-0.0002,0.9994,0,-0.9985,-0.044,0.0332,0,-0.0439,0.999,0.0016,0,-0.1771,-2.5545,-1.0488,1]},
{"frame":79,"values":[0.0333,-0.0001,0.9994,0,-0.9988,-0.0371,0.0333,0,-0.037,0.9993,0.0014,0,-0.1758,-2.5587,-1.0481,1]},
{"frame":80,"values":[0.0333,-0.0001,0.9994,0,-0.9988,-0.0348,0.0333,0,-0.0348,0.9994,0.0013,0,-0.1752,-2.5601,-1.0472,1]},
{"frame":81,"values":[0.0333,-0.0001,0.9994,0,-0.9987,-0.0378,0.0333,0,-0.0378,0.9993,0.0014,0,-0.1751,-2.5596,-1.0462,1]},
{"frame":82,"values":[0.0333,-0.0002,0.9994,0,-0.9983,-0.047,0.0332,0,-0.0469,0.9989,0.0017,0,-0.1755,-2.5581,-1.0449,1]},
{"frame":83,"values":[0.0333,-0.0003,0.9994,0,-0.9975,-0.0623,0.0332,0,-0.0623,0.9981,0.0023,0,-0.1764,-2.5555,-1.0434,1]},
{"frame":84,"values":[0.0333,-0.0004,0.9994,0,-0.9959,-0.0838,0.0331,0,-0.0837,0.9965,0.0032,0,-0.1777,-2.5519,-1.0416,1]},
{"frame":85,"values":[0.0333,-0.0005,0.9994,0,-0.9933,-0.111,0.033,0,-0.1109,0.9938,0.0042,0,-0.1794,-2.5473,-1.0396,1]},
{"frame":86,"values":[0.0333,-0.0007,0.9994,0,-0.9891,-0.1436,0.0329,0,-0.1435,0.9896,0.0055,0,-0.1816,-2.5419,-1.0375,1]},
{"frame":87,"values":[0.0334,-0.0009,0.9994,0,-0.983,-0.1808,0.0326,0,-0.1807,0.9835,0.0069,0,-0.184,-2.5356,-1.0351,1]},
{"frame":88,"values":[0.0334,-0.0011,0.9994,0,-0.9746,-0.2216,0.0323,0,-0.2214,0.9751,0.0085,0,-0.1868,-2.5287,-1.0327,1]},
{"frame":89,"values":[0.0335,-0.0014,0.9994,0,-0.9638,-0.2646,0.0319,0,-0.2644,0.9644,0.0102,0,-0.1898,-2.5214,-1.0302,1]},
{"frame":90,"values":[0.0335,-0.0016,0.9994,0,-0.9507,-0.3084,0.0314,0,-0.3082,0.9512,0.0119,0,-0.1929,-2.5138,-1.0276,1]},
{"frame":91,"values":[0.0336,-0.0018,0.9994,0,-0.9356,-0.3517,0.0308,0,-0.3514,0.9361,0.0135,0,-0.196,-2.5063,-1.0252,1]},
{"frame":92,"values":[0.0337,-0.002,0.9994,0,-0.9191,-0.3928,0.0302,0,-0.3925,0.9196,0.0151,0,-0.199,-2.499,-1.0229,1]},
{"frame":93,"values":[0.0338,-0.0023,0.9994,0,-0.902,-0.4307,0.0295,0,-0.4304,0.9025,0.0166,0,-0.2018,-2.4921,-1.0207,1]},
{"frame":94,"values":[0.0339,-0.0024,0.9994,0,-0.8851,-0.4644,0.0289,0,-0.4641,0.8856,0.0179,0,-0.2044,-2.4858,-1.0188,1]},
{"frame":95,"values":[0.0339,-0.0026,0.9994,0,-0.8694,-0.4933,0.0283,0,-0.4929,0.8699,0.019,0,-0.2067,-2.4804,-1.0172,1]},
{"frame":96,"values":[0.034,-0.0027,0.9994,0,-0.8556,-0.5169,0.0277,0,-0.5165,0.856,0.0199,0,-0.2086,-2.4758,-1.0158,1]},
{"frame":97,"values":[0.0341,-0.0028,0.9994,0,-0.8443,-0.5352,0.0273,0,-0.5348,0.8447,0.0206,0,-0.2101,-2.4722,-1.0147,1]},
{"frame":98,"values":[0.0341,-0.0029,0.9994,0,-0.836,-0.5481,0.027,0,-0.5477,0.8364,0.0211,0,-0.2112,-2.4696,-1.014,1]},
{"frame":99,"values":[0.0341,-0.0029,0.9994,0,-0.8309,-0.5558,0.0268,0,-0.5554,0.8313,0.0214,0,-0.2118,-2.4681,-1.0135,1]},
{"frame":100,"values":[0.0342,-0.0029,0.9994,0,-0.8292,-0.5583,0.0267,0,-0.5579,0.8296,0.0215,0,-0.212,-2.4676,-1.0134,1]},
{"frame":101,"values":[0.0341,-0.0029,0.9994,0,-0.8301,-0.557,0.0267,0,-0.5566,0.8305,0.0215,0,-0.2118,-2.4681,-1.0135,1]},
{"frame":102,"values":[0.0341,-0.0029,0.9994,0,-0.8326,-0.5532,0.0268,0,-0.5527,0.8331,0.0213,0,-0.2111,-2.4696,-1.0137,1]},
{"frame":103,"values":[0.0341,-0.0029,0.9994,0,-0.8371,-0.5465,0.0269,0,-0.5461,0.8375,0.021,0,-0.2099,-2.4722,-1.014,1]},
{"frame":104,"values":[0.034,-0.0029,0.9994,0,-0.8433,-0.5368,0.0271,0,-0.5364,0.8437,0.0207,0,-0.2083,-2.4758,-1.0146,1]},
{"frame":105,"values":[0.0339,-0.0028,0.9994,0,-0.8513,-0.5239,0.0274,0,-0.5235,0.8518,0.0201,0,-0.2062,-2.4804,-1.0153,1]},
{"frame":106,"values":[0.0338,-0.0027,0.9994,0,-0.8611,-0.5077,0.0277,0,-0.5074,0.8615,0.0195,0,-0.2037,-2.4858,-1.0163,1]},
{"frame":107,"values":[0.0337,-0.0026,0.9994,0,-0.8723,-0.4882,0.0281,0,-0.4878,0.8727,0.0187,0,-0.2009,-2.4921,-1.0175,1]},
{"frame":108,"values":[0.0335,-0.0025,0.9994,0,-0.8847,-0.4652,0.0285,0,-0.4649,0.8852,0.0178,0,-0.1978,-2.499,-1.0188,1]},
{"frame":109,"values":[0.0334,-0.0024,0.9994,0,-0.898,-0.439,0.029,0,-0.4387,0.8985,0.0168,0,-0.1946,-2.5063,-1.0204,1]},
{"frame":110,"values":[0.0333,-0.0022,0.9994,0,-0.9118,-0.4096,0.0295,0,-0.4093,0.9123,0.0157,0,-0.1913,-2.5138,-1.0222,1]},
{"frame":111,"values":[0.0332,-0.0021,0.9994,0,-0.9256,-0.3774,0.0299,0,-0.3772,0.926,0.0144,0,-0.1881,-2.5214,-1.0242,1]},
{"frame":112,"values":[0.0331,-0.0019,0.9995,0,-0.9389,-0.3429,0.0304,0,-0.3426,0.9394,0.0131,0,-0.185,-2.5287,-1.0263,1]},
{"frame":113,"values":[0.033,-0.0017,0.9995,0,-0.9514,-0.3063,0.0309,0,-0.3061,0.9519,0.0117,0,-0.1822,-2.5356,-1.0287,1]},
{"frame":114,"values":[0.0329,-0.0014,0.9995,0,-0.9628,-0.2683,0.0313,0,-0.2681,0.9633,0.0102,0,-0.1798,-2.5419,-1.0311,1]},
{"frame":115,"values":[0.0329,-0.0012,0.9995,0,-0.9728,-0.2294,0.0318,0,-0.2292,0.9733,0.0087,0,-0.1777,-2.5473,-1.0337,1]},
{"frame":116,"values":[0.0329,-0.001,0.9995,0,-0.9813,-0.1899,0.0321,0,-0.1898,0.9818,0.0072,0,-0.1762,-2.5519,-1.0363,1]},
{"frame":117,"values":[0.033,-0.0008,0.9995,0,-0.9881,-0.1504,0.0325,0,-0.1503,0.9886,0.0057,0,-0.1752,-2.5555,-1.039,1]},
{"frame":118,"values":[0.033,-0.0005,0.9995,0,-0.9933,-0.1112,0.0328,0,-0.1111,0.9938,0.0042,0,-0.1746,-2.5581,-1.0417,1]},
{"frame":119,"values":[0.0331,-0.0003,0.9995,0,-0.9968,-0.0726,0.033,0,-0.0725,0.9974,0.0027,0,-0.1746,-2.5596,-1.0445,1]},
{"frame":120,"values":[0.0333,-0.0001,0.9994,0,-0.9988,-0.0348,0.0333,0,-0.0348,0.9994,0.0013,0,-0.1752,-2.5601,-1.0472,1]},
{"frame":121,"values":[0.0334,0.0001,0.9994,0,-0.9994,0.0079,0.0334,0,0.0079,1,-0.0004,0,-0.192,-2.5472,-1.049,1]},
{"frame":122,"values":[0.0335,0.0004,0.9994,0,-0.9976,0.0609,0.0334,0,0.0609,0.9981,-0.0024,0,-0.2409,-2.5082,-1.0486,1]},
{"frame":123,"values":[0.0336,0.0007,0.9994,0,-0.9919,0.1225,0.0333,0,0.1224,0.9925,-0.0048,0,-0.3201,-2.4448,-1.0462,1]},
{"frame":124,"values":[0.0337,0.0011,0.9994,0,-0.9814,0.189,0.0328,0,0.1888,0.982,-0.0074,0,-0.4232,-2.362,-1.042,1]},
{"frame":125,"values":[0.0337,0.0014,0.9994,0,-0.9663,0.2553,0.0322,0,0.2551,0.9669,-0.01,0,-0.54,-2.2681,-1.0366,1]},
{"frame":126,"values":[0.0337,0.0017,0.9994,0,-0.9484,0.3155,0.0315,0,0.3152,0.9489,-0.0123,0,-0.6566,-2.1742,-1.0309,1]},
{"frame":127,"values":[0.0338,0.002,0.9994,0,-0.9306,0.3647,0.0307,0,0.3645,0.9311,-0.0142,0,-0.7594,-2.0913,-1.0256,1]},
{"frame":128,"values":[0.0338,0.0022,0.9994,0,-0.9159,0.4002,0.0301,0,0.3999,0.9164,-0.0156,0,-0.8381,-2.0279,-1.0214,1]},
{"frame":129,"values":[0.0338,0.0023,0.9994,0,-0.9066,0.421,0.0297,0,0.4207,0.907,-0.0164,0,-0.8864,-1.989,-1.0188,1]},
{"frame":130,"values":[0.0338,0.0024,0.9994,0,-0.9034,0.4278,0.0296,0,0.4274,0.9039,-0.0166,0,-0.9025,-1.976,-1.0179,1]},
{"frame":131,"values":[0.0338,0.0023,0.9994,0,-0.9078,0.4183,0.0297,0,0.4179,0.9083,-0.0163,0,-0.8863,-1.989,-1.0185,1]},
{"frame":132,"values":[0.0337,0.0022,0.9994,0,-0.9206,0.3893,0.0302,0,0.3891,0.9211,-0.0151,0,-0.8378,-2.0279,-1.0205,1]},
{"frame":133,"values":[0.0336,0.0019,0.9994,0,-0.9394,0.3413,0.031,0,0.3411,0.9399,-0.0133,0,-0.7589,-2.0913,-1.0237,1]},
{"frame":134,"values":[0.0335,0.0016,0.9994,0,-0.9604,0.2769,0.0318,0,0.2767,0.9609,-0.0108,0,-0.6557,-2.1742,-1.0278,1]},
{"frame":135,"values":[0.0334,0.0012,0.9994,0,-0.9788,0.2022,0.0325,0,0.2021,0.9793,-0.0079,0,-0.5388,-2.2681,-1.0326,1]},
{"frame":136,"values":[0.0333,0.0008,0.9994,0,-0.9914,0.1263,0.033,0,0.1262,0.992,-0.005,0,-0.4219,-2.362,-1.0373,1]},
{"frame":137,"values":[0.0333,0.0004,0.9994,0,-0.9977,0.0589,0.0332,0,0.0588,0.9983,-0.0024,0,-0.3187,-2.4448,-1.0415,1]},
{"frame":138,"values":[0.0333,0.0001,0.9994,0,-0.9994,0.0073,0.0333,0,0.0073,1,-0.0004,0,-0.2398,-2.5082,-1.0446,1]},
{"frame":139,"values":[0.0333,-0.0001,0.9994,0,-0.9992,-0.0243,0.0333,0,-0.0243,0.9997,0.0009,0,-0.1913,-2.5472,-1.0466,1]},
{"frame":140,"values":[0.0333,-0.0001,0.9994,0,-0.9988,-0.0348,0.0333,0,-0.0348,0.9994,0.0013,0,-0.1752,-2.5601,-1.0472,1]},
{"frame":151,"values":[0.0333,-0.0012,0.9994,0,-0.9994,-0.0016,0.0333,0,-0.0015,1,0.0013,0,-0.1938,-2.4965,-1.0472,1]},
{"frame":152,"values":[0.033,-0.0046,0.9994,0,-0.9943,0.101,0.0333,0,0.1011,0.9949,0.0013,0,-0.2499,-2.3052,-1.0472,1]},
{"frame":153,"values":[0.0316,-0.0103,0.9994,0,-0.9614,0.2731,0.0333,0,0.2733,0.9619,0.0013,0,-0.341,-1.9941,-1.0472,1]},
{"frame":154,"values":[0.0282,-0.0176,0.9994,0,-0.8678,0.4959,0.0333,0,0.4962,0.8682,0.0013,0,-0.4603,-1.5871,-1.0472,1]},
{"frame":155,"values":[0.0222,-0.0248,0.9994,0,-0.6936,0.7196,0.0333,0,0.72,0.6939,0.0013,0,-0.5953,-1.1261,-1.0472,1]},
{"frame":156,"values":[0.0143,-0.0301,0.9994,0,-0.4636,0.8854,0.0333,0,0.8859,0.4638,0.0013,0,-0.7304,-0.6652,-1.0472,1]},
{"frame":157,"values":[0.0067,-0.0326,0.9994,0,-0.2375,0.9708,0.0333,0,0.9714,0.2376,0.0013,0,-0.8497,-0.2582,-1.0472,1]},
{"frame":158,"values":[0.0009,-0.0333,0.9994,0,-0.0643,0.9974,0.0333,0,0.9979,0.0643,0.0013,0,-0.9408,0.0529,-1.0472,1]},
{"frame":159,"values":[-0.0025,-0.0332,0.9994,0,0.0384,0.9987,0.0333,0,0.9993,-0.0385,0.0013,0,-0.9969,0.2442,-1.0472,1]},
{"frame":160,"values":[-0.0036,-0.0331,0.9994,0,0.0715,0.9969,0.0333,0,0.9974,-0.0716,0.0013,0,-1.0155,0.3078,-1.0472,1]},
{"frame":210,"values":[-0.0036,-0.0331,0.9994,0,0.0715,0.9969,0.0333,0,0.9974,-0.0716,0.0013,0,-1.0155,0.3078,-1.0472,1]}],"loopBehavior":1,"name":"anim","property":"_matrix"}},
{"name":"R_footIK","index":3,"matrix":[0.1305,0.0001,0.9914,0,-0.9908,-0.0348,0.1305,0,-0.0345,0.9994,0.0044,0,0.379,-2.5952,0.9429,1],"rest":[0.1305,0.0001,0.9914,0,-0.9908,-0.0348,0.1305,0,-0.0345,0.9994,0.0044,0,0.3588,-2.5952,0.9028,1],"parentBoneIndex":-1,"length":0.3542
,"animation":{"dataType":3,"framePerSecond":24,"keys":[
{"frame":0,"values":[0.1305,0.0001,0.9914,0,-0.9908,-0.0348,0.1305,0,-0.0345,0.9994,0.0044,0,0.379,-2.5952,0.9429,1]},
{"frame":41,"values":[0.1306,-0.0024,0.9914,0,-0.9891,-0.069,0.1301,0,-0.0681,0.9976,0.0114,0,0.379,-2.5682,0.9429,1]},
{"frame":42,"values":[0.1311,-0.0094,0.9913,0,-0.978,-0.1651,0.1278,0,-0.1625,0.9862,0.0309,0,0.379,-2.4922,0.9429,1]},
{"frame":43,"values":[0.1328,-0.0183,0.991,0,-0.9503,-0.2865,0.1221,0,-0.2816,0.9579,0.0555,0,0.379,-2.3946,0.9429,1]},
{"frame":44,"values":[0.1349,-0.0251,0.9905,0,-0.9187,-0.3777,0.1155,0,-0.3713,0.9256,0.074,0,0.379,-2.3186,0.9429,1]},
{"frame":45,"values":[0.1358,-0.0274,0.9904,0,-0.9055,-0.4092,0.1128,0,-0.4021,0.912,0.0803,0,0.379,-2.2916,0.9429,1]},
{"frame":46,"values":[0.1349,-0.0251,0.9905,0,-0.9187,-0.3777,0.1155,0,-0.3713,0.9256,0.074,0,0.379,-2.3186,0.9429,1]},
{"frame":47,"values":[0.1328,-0.0183,0.991,0,-0.9503,-0.2865,0.1221,0,-0.2816,0.9579,0.0555,0,0.379,-2.3946,0.9429,1]},
{"frame":48,"values":[0.1311,-0.0094,0.9913,0,-0.978,-0.1651,0.1278,0,-0.1625,0.9862,0.0309,0,0.379,-2.4922,0.9429,1]},
{"frame":49,"values":[0.1306,-0.0024,0.9914,0,-0.9891,-0.069,0.1301,0,-0.0681,0.9976,0.0114,0,0.379,-2.5682,0.9429,1]},
{"frame":50,"values":[0.1305,0.0001,0.9914,0,-0.9908,-0.0348,0.1305,0,-0.0345,0.9994,0.0044,0,0.379,-2.5952,0.9429,1]},
{"frame":51,"values":[0.1305,-0.0005,0.9914,0,-0.9905,-0.0433,0.1304,0,-0.0429,0.9991,0.0062,0,0.379,-2.5884,0.9429,1]},
{"frame":52,"values":[0.1306,-0.0024,0.9914,0,-0.9891,-0.069,0.1301,0,-0.0681,0.9976,0.0114,0,0.379,-2.5682,0.9429,1]},
{"frame":53,"values":[0.1307,-0.0054,0.9914,0,-0.9854,-0.1107,0.1293,0,-0.109,0.9938,0.0198,0,0.379,-2.5353,0.9429,1]},
{"frame":54,"values":[0.1311,-0.0094,0.9913,0,-0.978,-0.1651,0.1278,0,-0.1625,0.9862,0.0309,0,0.379,-2.4922,0.9429,1]},
{"frame":55,"values":[0.1318,-0.0139,0.9912,0,-0.966,-0.2262,0.1253,0,-0.2225,0.974,0.0433,0,0.379,-2.4434,0.9429,1]},
{"frame":56,"values":[0.1328,-0.0183,0.991,0,-0.9503,-0.2865,0.1221,0,-0.2816,0.9579,0.0555,0,0.379,-2.3946,0.9429,1]},
{"frame":57,"values":[0.1339,-0.0222,0.9907,0,-0.9334,-0.3386,0.1186,0,-0.3329,0.9407,0.066,0,0.379,-2.3515,0.9429,1]},
{"frame":58,"values":[0.1349,-0.0251,0.9905,0,-0.9187,-0.3777,0.1155,0,-0.3713,0.9256,0.074,0,0.379,-2.3186,0.9429,1]},
{"frame":59,"values":[0.1355,-0.0268,0.9904,0,-0.9088,-0.4014,0.1135,0,-0.3945,0.9155,0.0788,0,0.379,-2.2984,0.9429,1]},
{"frame":60,"values":[0.1358,-0.0274,0.9904,0,-0.9055,-0.4092,0.1128,0,-0.4021,0.912,0.0803,0,0.379,-2.2916,0.9429,1]},
{"frame":61,"values":[0.1357,-0.0272,0.9904,0,-0.9063,-0.4072,0.113,0,-0.4002,0.9129,0.0799,0,0.379,-2.2933,0.9429,1]},
{"frame":62,"values":[0.1355,-0.0268,0.9904,0,-0.9088,-0.4014,0.1135,0,-0.3945,0.9155,0.0788,0,0.379,-2.2984,0.9429,1]},
{"frame":63,"values":[0.1353,-0.0261,0.9905,0,-0.913,-0.3915,0.1144,0,-0.3848,0.9198,0.0768,0,0.379,-2.3068,0.9429,1]},
{"frame":64,"values":[0.1349,-0.0251,0.9905,0,-0.9187,-0.3777,0.1155,0,-0.3713,0.9256,0.074,0,0.379,-2.3186,0.9429,1]},
{"frame":65,"values":[0.1344,-0.0237,0.9906,0,-0.9256,-0.36,0.117,0,-0.3539,0.9326,0.0704,0,0.379,-2.3336,0.9429,1]},
{"frame":66,"values":[0.1339,-0.0222,0.9907,0,-0.9334,-0.3386,0.1186,0,-0.3329,0.9407,0.066,0,0.379,-2.3515,0.9429,1]},
{"frame":67,"values":[0.1334,-0.0203,0.9909,0,-0.9418,-0.3139,0.1203,0,-0.3086,0.9492,0.061,0,0.379,-2.372,0.9429,1]},
{"frame":68,"values":[0.1328,-0.0183,0.991,0,-0.9503,-0.2865,0.1221,0,-0.2816,0.9579,0.0555,0,0.379,-2.3946,0.9429,1]},
{"frame":69,"values":[0.1323,-0.0162,0.9911,0,-0.9585,-0.2569,0.1238,0,-0.2527,0.9663,0.0495,0,0.379,-2.4186,0.9429,1]},
{"frame":70,"values":[0.1318,-0.0139,0.9912,0,-0.966,-0.2262,0.1253,0,-0.2225,0.974,0.0433,0,0.379,-2.4434,0.9429,1]},
{"frame":71,"values":[0.1314,-0.0116,0.9913,0,-0.9725,-0.1953,0.1267,0,-0.1921,0.9807,0.037,0,0.379,-2.4682,0.9429,1]},
{"frame":72,"values":[0.1311,-0.0094,0.9913,0,-0.978,-0.1651,0.1278,0,-0.1625,0.9862,0.0309,0,0.379,-2.4922,0.9429,1]},
{"frame":73,"values":[0.1309,-0.0073,0.9914,0,-0.9822,-0.1366,0.1287,0,-0.1345,0.9906,0.0251,0,0.379,-2.5148,0.9429,1]},
{"frame":74,"values":[0.1307,-0.0054,0.9914,0,-0.9854,-0.1107,0.1293,0,-0.109,0.9938,0.0198,0,0.379,-2.5353,0.9429,1]},
{"frame":75,"values":[0.1306,-0.0038,0.9914,0,-0.9876,-0.088,0.1298,0,-0.0867,0.9961,0.0152,0,0.379,-2.5532,0.9429,1]},
{"frame":76,"values":[0.1306,-0.0024,0.9914,0,-0.9891,-0.069,0.1301,0,-0.0681,0.9976,0.0114,0,0.379,-2.5682,0.9429,1]},
{"frame":77,"values":[0.1305,-0.0013,0.9914,0,-0.99,-0.054,0.1303,0,-0.0534,0.9985,0.0083,0,0.379,-2.58,0.9429,1]},
{"frame":78,"values":[0.1305,-0.0005,0.9914,0,-0.9905,-0.0433,0.1304,0,-0.0429,0.9991,0.0062,0,0.379,-2.5884,0.9429,1]},
{"frame":79,"values":[0.1305,-0.0001,0.9914,0,-0.9908,-0.0369,0.1304,0,-0.0366,0.9993,0.0049,0,0.379,-2.5935,0.9429,1]},
{"frame":80,"values":[0.1305,0.0001,0.9914,0,-0.9908,-0.0348,0.1305,0,-0.0345,0.9994,0.0044,0,0.379,-2.5952,0.9429,1]},
{"frame":81,"values":[0.1305,-0.0001,0.9914,0,-0.9907,-0.0376,0.1304,0,-0.0372,0.9993,0.005,0,0.379,-2.5952,0.9429,1]},
{"frame":82,"values":[0.1305,-0.0007,0.9914,0,-0.9904,-0.0459,0.1304,0,-0.0454,0.9989,0.0067,0,0.379,-2.5952,0.9429,1]},
{"frame":83,"values":[0.1305,-0.0017,0.9914,0,-0.9897,-0.0598,0.1302,0,-0.0591,0.9982,0.0095,0,0.379,-2.5952,0.9429,1]},
{"frame":84,"values":[0.1306,-0.0031,0.9914,0,-0.9883,-0.0793,0.1299,0,-0.0782,0.9968,0.0135,0,0.379,-2.5952,0.9429,1]},
{"frame":85,"values":[0.1307,-0.0049,0.9914,0,-0.9861,-0.104,0.1295,0,-0.1025,0.9946,0.0185,0,0.379,-2.5952,0.9429,1]},
{"frame":86,"values":[0.1309,-0.0071,0.9914,0,-0.9826,-0.1336,0.1288,0,-0.1315,0.991,0.0245,0,0.379,-2.5952,0.9429,1]},
{"frame":87,"values":[0.1311,-0.0096,0.9913,0,-0.9776,-0.1673,0.1277,0,-0.1646,0.9859,0.0313,0,0.379,-2.5952,0.9429,1]},
{"frame":88,"values":[0.1316,-0.0123,0.9912,0,-0.9707,-0.2043,0.1263,0,-0.201,0.9788,0.0388,0,0.379,-2.5952,0.9429,1]},
{"frame":89,"values":[0.1321,-0.0152,0.9911,0,-0.9619,-0.2434,0.1245,0,-0.2394,0.9698,0.0467,0,0.379,-2.5952,0.9429,1]},
{"frame":90,"values":[0.1328,-0.0181,0.991,0,-0.9512,-0.2834,0.1223,0,-0.2786,0.9588,0.0548,0,0.379,-2.5952,0.9429,1]},
{"frame":91,"values":[0.1336,-0.021,0.9908,0,-0.9389,-0.3228,0.1197,0,-0.3174,0.9462,0.0628,0,0.379,-2.5952,0.9429,1]},
{"frame":92,"values":[0.1344,-0.0238,0.9906,0,-0.9254,-0.3605,0.1169,0,-0.3544,0.9324,0.0705,0,0.379,-2.5952,0.9429,1]},
{"frame":93,"values":[0.1354,-0.0264,0.9904,0,-0.9114,-0.3954,0.114,0,-0.3886,0.9181,0.0775,0,0.379,-2.5952,0.9429,1]},
{"frame":94,"values":[0.1363,-0.0287,0.9903,0,-0.8976,-0.4265,0.1112,0,-0.4191,0.904,0.0838,0,0.379,-2.5952,0.9429,1]},
{"frame":95,"values":[0.1372,-0.0306,0.9901,0,-0.8848,-0.4532,0.1085,0,-0.4454,0.8909,0.0893,0,0.379,-2.5952,0.9429,1]},
{"frame":96,"values":[0.1379,-0.0323,0.9899,0,-0.8734,-0.4752,0.1062,0,-0.467,0.8793,0.0937,0,0.379,-2.5952,0.9429,1]},
{"frame":97,"values":[0.1386,-0.0335,0.9898,0,-0.8642,-0.4923,0.1043,0,-0.4837,0.8698,0.0972,0,0.379,-2.5952,0.9429,1]},
{"frame":98,"values":[0.139,-0.0344,0.9897,0,-0.8574,-0.5043,0.1029,0,-0.4956,0.8628,0.0996,0,0.379,-2.5952,0.9429,1]},
{"frame":99,"values":[0.1393,-0.035,0.9896,0,-0.8532,-0.5115,0.102,0,-0.5026,0.8586,0.1011,0,0.379,-2.5952,0.9429,1]},
{"frame":100,"values":[0.1394,-0.0351,0.9896,0,-0.8518,-0.5139,0.1017,0,-0.505,0.8572,0.1016,0,0.379,-2.5952,0.9429,1]},
{"frame":101,"values":[0.1393,-0.035,0.9896,0,-0.8525,-0.5128,0.1019,0,-0.5039,0.8578,0.1012,0,0.379,-2.5952,0.9429,1]},
{"frame":102,"values":[0.1391,-0.0344,0.9897,0,-0.8544,-0.5094,0.1024,0,-0.5006,0.8599,0.1002,0,0.379,-2.5952,0.9429,1]},
{"frame":103,"values":[0.1388,-0.0334,0.9898,0,-0.8578,-0.5035,0.1033,0,-0.4949,0.8633,0.0985,0,0.379,-2.5952,0.9429,1]},
{"frame":104,"values":[0.1383,-0.0321,0.9899,0,-0.8626,-0.495,0.1044,0,-0.4866,0.8683,0.0961,0,0.379,-2.5952,0.9429,1]},
{"frame":105,"values":[0.1377,-0.0304,0.99,0,-0.8688,-0.4836,0.106,0,-0.4756,0.8747,0.093,0,0.379,-2.5952,0.9429,1]},
{"frame":106,"values":[0.1369,-0.0284,0.9902,0,-0.8764,-0.4694,0.1078,0,-0.4617,0.8826,0.0891,0,0.379,-2.5952,0.9429,1]},
{"frame":107,"values":[0.1362,-0.026,0.9903,0,-0.8852,-0.452,0.1098,0,-0.4448,0.8916,0.0846,0,0.379,-2.5952,0.9429,1]},
{"frame":108,"values":[0.1353,-0.0234,0.9905,0,-0.8951,-0.4316,0.1121,0,-0.4249,0.9017,0.0794,0,0.379,-2.5952,0.9429,1]},
{"frame":109,"values":[0.1345,-0.0207,0.9907,0,-0.9057,-0.4082,0.1144,0,-0.4021,0.9126,0.0736,0,0.379,-2.5952,0.9429,1]},
{"frame":110,"values":[0.1337,-0.0178,0.9909,0,-0.9168,-0.382,0.1168,0,-0.3764,0.924,0.0674,0,0.379,-2.5952,0.9429,1]},
{"frame":111,"values":[0.1329,-0.0149,0.991,0,-0.928,-0.3531,0.1192,0,-0.3481,0.9355,0.0608,0,0.379,-2.5952,0.9429,1]},
{"frame":112,"values":[0.1323,-0.0121,0.9911,0,-0.939,-0.3218,0.1214,0,-0.3175,0.9467,0.054,0,0.379,-2.5952,0.9429,1]},
{"frame":113,"values":[0.1317,-0.0095,0.9912,0,-0.9494,-0.2887,0.1234,0,-0.285,0.9574,0.047,0,0.379,-2.5952,0.9429,1]},
{"frame":114,"values":[0.1313,-0.007,0.9913,0,-0.9591,-0.254,0.1252,0,-0.2509,0.9672,0.0401,0,0.379,-2.5952,0.9429,1]},
{"frame":115,"values":[0.131,-0.0049,0.9914,0,-0.9676,-0.2182,0.1268,0,-0.2157,0.9759,0.0333,0,0.379,-2.5952,0.9429,1]},
{"frame":116,"values":[0.1308,-0.0031,0.9914,0,-0.975,-0.1816,0.128,0,-0.1797,0.9834,0.0268,0,0.379,-2.5952,0.9429,1]},
{"frame":117,"values":[0.1306,-0.0017,0.9914,0,-0.981,-0.1447,0.129,0,-0.1433,0.9895,0.0206,0,0.379,-2.5952,0.9429,1]},
{"frame":118,"values":[0.1306,-0.0007,0.9914,0,-0.9857,-0.1078,0.1297,0,-0.1068,0.9942,0.0148,0,0.379,-2.5952,0.9429,1]},
{"frame":119,"values":[0.1305,-0.0001,0.9914,0,-0.9889,-0.0711,0.1302,0,-0.0704,0.9975,0.0094,0,0.379,-2.5952,0.9429,1]},
{"frame":120,"values":[0.1305,0.0001,0.9914,0,-0.9908,-0.0348,0.1305,0,-0.0345,0.9994,0.0044,0,0.379,-2.5952,0.9429,1]},
{"frame":121,"values":[0.1305,-0.0009,0.9914,0,-0.9914,0.0067,0.1305,0,0.0067,1,0,0,0.36,-2.5851,0.9437,1]},
{"frame":122,"values":[0.1304,-0.0038,0.9915,0,-0.9897,0.0588,0.1303,0,0.0587,0.9983,-0.0039,0,0.3027,-2.555,0.9459,1]},
{"frame":123,"values":[0.1299,-0.0085,0.9915,0,-0.9843,0.1197,0.13,0,0.1198,0.9928,-0.0072,0,0.2097,-2.5059,0.9495,1]},
{"frame":124,"values":[0.1289,-0.0146,0.9915,0,-0.974,0.186,0.1294,0,0.1863,0.9824,-0.0097,0,0.0879,-2.4417,0.9542,1]},
{"frame":125,"values":[0.1274,-0.0215,0.9916,0,-0.959,0.2523,0.1287,0,0.253,0.9674,-0.0115,0,-0.05,-2.369,0.9595,1]},
{"frame":126,"values":[0.1255,-0.0283,0.9917,0,-0.9412,0.3128,0.128,0,0.3138,0.9494,-0.0126,0,-0.1879,-2.2963,0.9649,1]},
{"frame":127,"values":[0.1235,-0.0342,0.9918,0,-0.9233,0.3623,0.1275,0,0.3637,0.9314,-0.0132,0,-0.3096,-2.2322,0.9696,1]},
{"frame":128,"values":[0.1218,-0.0386,0.9918,0,-0.9085,0.398,0.1271,0,0.3996,0.9166,-0.0134,0,-0.4027,-2.1831,0.9732,1]},
{"frame":129,"values":[0.1207,-0.0413,0.9918,0,-0.8991,0.419,0.1268,0,0.4208,0.907,-0.0135,0,-0.4599,-2.1529,0.9754,1]},
{"frame":130,"values":[0.1203,-0.0422,0.9918,0,-0.8959,0.4258,0.1268,0,0.4277,0.9038,-0.0134,0,-0.4789,-2.1429,0.9761,1]},
{"frame":131,"values":[0.1208,-0.0413,0.9918,0,-0.9003,0.4163,0.127,0,0.4182,0.9083,-0.0131,0,-0.4599,-2.1529,0.9754,1]},
{"frame":132,"values":[0.122,-0.0387,0.9918,0,-0.913,0.3875,0.1274,0,0.3893,0.921,-0.012,0,-0.4027,-2.1831,0.9732,1]},
{"frame":133,"values":[0.1239,-0.0343,0.9917,0,-0.9318,0.3397,0.1282,0,0.3413,0.9399,-0.0101,0,-0.3096,-2.2322,0.9696,1]},
{"frame":134,"values":[0.126,-0.0285,0.9916,0,-0.9526,0.2756,0.129,0,0.2769,0.9609,-0.0076,0,-0.1879,-2.2963,0.9649,1]},
{"frame":135,"values":[0.128,-0.0217,0.9915,0,-0.9709,0.2012,0.1297,0,0.2023,0.9793,-0.0047,0,-0.05,-2.369,0.9595,1]},
{"frame":136,"values":[0.1293,-0.0147,0.9915,0,-0.9835,0.1256,0.1302,0,0.1264,0.992,-0.0018,0,0.0879,-2.4417,0.9542,1]},
{"frame":137,"values":[0.1301,-0.0085,0.9915,0,-0.9897,0.0584,0.1304,0,0.059,0.9983,0.0008,0,0.2097,-2.5059,0.9495,1]},
{"frame":138,"values":[0.1305,-0.0038,0.9914,0,-0.9914,0.0071,0.1305,0,0.0075,1,0.0028,0,0.3027,-2.555,0.9459,1]},
{"frame":139,"values":[0.1305,-0.0009,0.9914,0,-0.9912,-0.0244,0.1305,0,-0.0241,0.9997,0.004,0,0.36,-2.5851,0.9437,1]},
{"frame":140,"values":[0.1305,0.0001,0.9914,0,-0.9908,-0.0348,0.1305,0,-0.0345,0.9994,0.0044,0,0.379,-2.5952,0.9429,1]},
{"frame":151,"values":[0.1305,-0.0042,0.9914,0,-0.9915,-0.0019,0.1305,0,-0.0013,1,0.0044,0,0.346,-2.5429,0.9429,1]},
{"frame":152,"values":[0.1293,-0.0176,0.9914,0,-0.9864,0.0999,0.1305,0,0.1013,0.9948,0.0044,0,0.2467,-2.3858,0.9429,1]},
{"frame":153,"values":[0.1243,-0.0399,0.9914,0,-0.9538,0.2706,0.1305,0,0.2735,0.9619,0.0044,0,0.0853,-2.1302,0.9429,1]},
{"frame":154,"values":[0.1111,-0.0686,0.9914,0,-0.861,0.4917,0.1305,0,0.4964,0.8681,0.0044,0,-0.1259,-1.796,0.9429,1]},
{"frame":155,"values":[0.0873,-0.097,0.9914,0,-0.6882,0.7136,0.1305,0,0.7202,0.6938,0.0044,0,-0.3651,-1.4173,0.9429,1]},
{"frame":156,"values":[0.0566,-0.1176,0.9914,0,-0.4601,0.8782,0.1305,0,0.886,0.4636,0.0044,0,-0.6043,-1.0387,0.9429,1]},
{"frame":157,"values":[0.0267,-0.1278,0.9914,0,-0.2359,0.963,0.1305,0,0.9714,0.2374,0.0044,0,-0.8155,-0.7044,0.9429,1]},
{"frame":158,"values":[0.004,-0.1305,0.9914,0,-0.0641,0.9894,0.1305,0,0.9979,0.0641,0.0044,0,-0.977,-0.4489,0.9429,1]},
{"frame":159,"values":[-0.0095,-0.1302,0.9914,0,0.0378,0.9907,0.1305,0,0.9992,-0.0387,0.0044,0,-1.0763,-0.2917,0.9429,1]},
{"frame":160,"values":[-0.0138,-0.1298,0.9914,0,0.0707,0.9889,0.1305,0,0.9974,-0.0719,0.0044,0,-1.1092,-0.2395,0.9429,1]},
{"frame":210,"values":[-0.0138,-0.1298,0.9914,0,0.0707,0.9889,0.1305,0,0.9974,-0.0719,0.0044,0,-1.1092,-0.2395,0.9429,1]}],"loopBehavior":1,"name":"anim","property":"_matrix"}},
