{"producer":{"name":"Blender","version":"2.79 (sub 0)","exporter_version":"5.6.4","file":"orbyMouth1b.babylon"},
"autoClear":true,"clearColor":[0.0509,0.0509,0.0509],"ambientColor":[0,0,0],"gravity":[0,-9.81,0],
"materials":[{"name":"orbyMouth1b.irisblack","id":"orbyMouth1b.irisblack","ambient":[0,0,0],"diffuse":[0,0,0],"specular":[0.5,0.5,0.5],"emissive":[0,0,0],"specularPower":50,"alpha":1,"backFaceCulling":true,"checkReadyOnlyOnce":false,"maxSimultaneousLights":4},
{"name":"orbyMouth1b.defaultGrey","id":"orbyMouth1b.defaultGrey","ambient":[0.8,0.8,0.8],"diffuse":[0.64,0.64,0.64],"specular":[0.5,0.5,0.5],"emissive":[0,0,0],"specularPower":50,"alpha":1,"backFaceCulling":true,"checkReadyOnlyOnce":false,"maxSimultaneousLights":4},
{"name":"orbyMouth1b.microwave","id":"orbyMouth1b.microwave","ambient":[0.4031,0.3558,0.4291],"diffuse":[0.358,0.316,0.3811],"specular":[0.0463,0.1194,0.1783],"emissive":[0.0443,0.0391,0.0472],"specularPower":22,"alpha":1,"backFaceCulling":true,"checkReadyOnlyOnce":false,"maxSimultaneousLights":4},
{"name":"orbyMouth1b.spacewaverider","id":"orbyMouth1b.spacewaverider","ambient":[0.5083,0.8,0.437],"diffuse":[0.2257,0.3552,0.194],"specular":[0.3297,0.333,0.1615],"emissive":[0.2236,0.352,0.1923],"specularPower":28,"alpha":1,"backFaceCulling":true,"checkReadyOnlyOnce":false,"maxSimultaneousLights":4},
{"name":"orbyMouth1b.orbySkin","id":"orbyMouth1b.orbySkin","ambient":[0.7172,0.9259,0.9259],"diffuse":[0.3981,0.5139,0.5139],"specular":[0.017,0.0359,1],"emissive":[0.1578,0.2037,0.2037],"specularPower":44,"alpha":1,"backFaceCulling":true,"checkReadyOnlyOnce":false,"maxSimultaneousLights":4},
{"name":"orbyMouth1b.orbyHands","id":"orbyMouth1b.orbyHands","ambient":[1,1,1],"diffuse":[1,1,1],"specular":[0.008,0.2578,0.4868],"emissive":[0.22,0.22,0.22],"specularPower":444,"alpha":1,"backFaceCulling":true,"checkReadyOnlyOnce":false,"maxSimultaneousLights":4},
{"name":"orbyMouth1b.orbyArms","id":"orbyMouth1b.orbyArms","ambient":[0.6983,0.6983,0.6983],"diffuse":[0.6201,0.6201,0.6201],"specular":[0.0557,0.2677,0.555],"emissive":[0.0768,0.0768,0.0768],"specularPower":50,"alpha":1,"backFaceCulling":true,"checkReadyOnlyOnce":false,"maxSimultaneousLights":4},
{"name":"orbyMouth1b.orbyFeet","id":"orbyMouth1b.orbyFeet","ambient":[0.4019,0.4019,0.4019],"diffuse":[0.3215,0.3215,0.3215],"specular":[0.0366,0.121,0.5],"emissive":[0.0442,0.0442,0.0442],"specularPower":50,"alpha":1,"backFaceCulling":true,"checkReadyOnlyOnce":false,"maxSimultaneousLights":4},
{"name":"orbyMouth1b.orbyLegs","id":"orbyMouth1b.orbyLegs","ambient":[0.4574,0.4574,0.4574],"diffuse":[0.4062,0.4062,0.4062],"specular":[0.1358,0.3781,0.555],"emissive":[0.0503,0.0503,0.0503],"specularPower":50,"alpha":1,"backFaceCulling":true,"checkReadyOnlyOnce":false,"maxSimultaneousLights":4},
{"name":"orbyMouth1b.orbyEye","id":"orbyMouth1b.orbyEye","ambient":[1,1,1],"diffuse":[0.8,0.8,0.8],"specular":[0.0127,0.3943,0.444],"emissive":[0.22,0.22,0.22],"specularPower":222,"alpha":1,"backFaceCulling":true,"checkReadyOnlyOnce":false,"maxSimultaneousLights":4},
{"name":"orbyMouth1b.orbyIris10","id":"orbyMouth1b.orbyIris10","ambient":[0.1065,0.1065,0.1065],"diffuse":[0.0852,0.0852,0.0852],"specular":[0.0108,0.152,0.5],"emissive":[0,0,0],"specularPower":50,"alpha":1,"backFaceCulling":true,"checkReadyOnlyOnce":false,"maxSimultaneousLights":4},
{"name":"orbyMouth1b.orbyIris9","id":"orbyMouth1b.orbyIris9","ambient":[0.2079,0.2079,0.2079],"diffuse":[0.1664,0.1664,0.1664],"specular":[0.0548,0.1517,0.5],"emissive":[0,0,0],"specularPower":50,"alpha":1,"backFaceCulling":true,"checkReadyOnlyOnce":false,"maxSimultaneousLights":4},
{"name":"orbyMouth1b.orbyIris8","id":"orbyMouth1b.orbyIris8","ambient":[0.4386,0.4386,0.4386],"diffuse":[0.3509,0.3509,0.3509],"specular":[0.0235,0.4856,0.5],"emissive":[0,0,0],"specularPower":50,"alpha":1,"backFaceCulling":true,"checkReadyOnlyOnce":false,"maxSimultaneousLights":4},
{"name":"orbyMouth1b.orbyIris7","id":"orbyMouth1b.orbyIris7","ambient":[0.0635,0.0842,0.8],"diffuse":[0.0508,0.0674,0.64],"specular":[0.2253,0.5,0.4437],"emissive":[0,0,0],"specularPower":50,"alpha":1,"backFaceCulling":true,"checkReadyOnlyOnce":false,"maxSimultaneousLights":4},
{"name":"orbyMouth1b.orbyIris6","id":"orbyMouth1b.orbyIris6","ambient":[0.1902,0.1902,0.1902],"diffuse":[0.1522,0.1522,0.1522],"specular":[0.0074,0.0153,0.5],"emissive":[0,0,0],"specularPower":50,"alpha":1,"backFaceCulling":true,"checkReadyOnlyOnce":false,"maxSimultaneousLights":4},
{"name":"orbyMouth1b.orbyIris5","id":"orbyMouth1b.orbyIris5","ambient":[0.115,0.115,0.115],"diffuse":[0.092,0.092,0.092],"specular":[0.0491,0.1438,0.5],"emissive":[0,0,0],"specularPower":50,"alpha":1,"backFaceCulling":true,"checkReadyOnlyOnce":false,"maxSimultaneousLights":4},
{"name":"orbyMouth1b.orbyIris4","id":"orbyMouth1b.orbyIris4","ambient":[0.0985,0.0985,0.0985],"diffuse":[0.0788,0.0788,0.0788],"specular":[0.023,0.0416,0.5],"emissive":[0,0,0],"specularPower":50,"alpha":1,"backFaceCulling":true,"checkReadyOnlyOnce":false,"maxSimultaneousLights":4},
{"name":"orbyMouth1b.orbyIris3","id":"orbyMouth1b.orbyIris3","ambient":[0.023,0.0732,0.1106],"diffuse":[0.0184,0.0586,0.0885],"specular":[0.131,0.5,0.3528],"emissive":[0,0,0],"specularPower":50,"alpha":1,"backFaceCulling":true,"checkReadyOnlyOnce":false,"maxSimultaneousLights":4},
{"name":"orbyMouth1b.orbyIris2","id":"orbyMouth1b.orbyIris2","ambient":[0.2741,0.5437,0.8],"diffuse":[0.2434,0.4828,0.7104],"specular":[0.2054,0.555,0.3756],"emissive":[0,0,0],"specularPower":50,"alpha":1,"backFaceCulling":true,"checkReadyOnlyOnce":false,"maxSimultaneousLights":4},
{"name":"orbyMouth1b.orbyIris1","id":"orbyMouth1b.orbyIris1","ambient":[0.0026,0.0026,0.0026],"diffuse":[0.0021,0.0021,0.0021],"specular":[0.0036,0.5,0.5],"emissive":[0,0,0],"specularPower":50,"alpha":1,"backFaceCulling":true,"checkReadyOnlyOnce":false,"maxSimultaneousLights":4},
{"name":"orbyMouth1b.orbyMouthBlack","id":"orbyMouth1b.orbyMouthBlack","ambient":[0.031,0.031,0.031],"diffuse":[0.031,0.031,0.031],"specular":[0.888,0.0742,0.6411],"emissive":[0,0,0],"specularPower":50,"alpha":1,"backFaceCulling":true,"checkReadyOnlyOnce":false,"maxSimultaneousLights":4},
{"name":"orbyMouth1b.orbyTongue","id":"orbyMouth1b.orbyTongue","ambient":[0.8,0.1277,0.5151],"diffuse":[0.64,0.1021,0.4121],"specular":[0.0263,0.0084,0.4573],"emissive":[0,0,0],"specularPower":50,"alpha":1,"backFaceCulling":true,"checkReadyOnlyOnce":false,"maxSimultaneousLights":4},
{"name":"orbyMouth1b.dargoneye","id":"orbyMouth1b.dargoneye","ambient":[0.1959,0.1959,0.1959],"diffuse":[0.1567,0.1567,0.1567],"specular":[0.1777,0.3031,0.7973],"emissive":[0,0,0],"specularPower":50,"alpha":1,"backFaceCulling":true,"checkReadyOnlyOnce":false,"maxSimultaneousLights":4},
{"name":"orbyMouth1b.spaceGem","id":"orbyMouth1b.spaceGem","ambient":[0.0078,0.7771,0.8],"diffuse":[0.0062,0.6217,0.64],"specular":[0.0023,0.0059,0.5],"emissive":[0.0034,0.3419,0.352],"specularPower":50,"alpha":1,"backFaceCulling":true,"checkReadyOnlyOnce":false,"maxSimultaneousLights":4},
{"name":"orbyMouth1b.dargonIris","id":"orbyMouth1b.dargonIris","ambient":[0.0049,0.0049,0.0049],"diffuse":[0.0039,0.0039,0.0039],"specular":[0.0043,0.3311,0.5],"emissive":[0,0,0],"specularPower":50,"alpha":1,"backFaceCulling":true,"checkReadyOnlyOnce":false,"maxSimultaneousLights":4},
{"name":"orbyMouth1b.offcolor","id":"orbyMouth1b.offcolor","ambient":[0.0374,0.0374,0.0374],"diffuse":[0.0332,0.0332,0.0332],"specular":[0.0016,0.2087,0.444],"emissive":[0.0157,0.0157,0.0157],"specularPower":64,"alpha":1,"backFaceCulling":true,"checkReadyOnlyOnce":false,"maxSimultaneousLights":4}],
"multiMaterials":[{"name":"orbyMouth1b.Multimaterial#0","id":"orbyMouth1b.Multimaterial#0","materials":["orbyMouth1b.irisblack","orbyMouth1b.defaultGrey"]},{"name":"orbyMouth1b.Multimaterial#1","id":"orbyMouth1b.Multimaterial#1","materials":["orbyMouth1b.microwave","orbyMouth1b.spacewaverider"]},{"name":"orbyMouth1b.Multimaterial#2","id":"orbyMouth1b.Multimaterial#2","materials":["orbyMouth1b.orbySkin","orbyMouth1b.orbyHands","orbyMouth1b.orbyArms","orbyMouth1b.orbyFeet","orbyMouth1b.orbyLegs","orbyMouth1b.orbyEye","orbyMouth1b.orbyIris10","orbyMouth1b.orbyIris9","orbyMouth1b.orbyIris8","orbyMouth1b.orbyIris7","orbyMouth1b.orbyIris6","orbyMouth1b.orbyIris5","orbyMouth1b.orbyIris4","orbyMouth1b.orbyIris3","orbyMouth1b.orbyIris2","orbyMouth1b.orbyIris1","orbyMouth1b.orbyMouthBlack","orbyMouth1b.orbyTongue"]},{"name":"orbyMouth1b.Multimaterial#3","id":"orbyMouth1b.Multimaterial#3","materials":["orbyMouth1b.dargoneye","orbyMouth1b.spaceGem","orbyMouth1b.dargonIris","orbyMouth1b.offcolor"]},{"name":"orbyMouth1b.Multimaterial#4","id":"orbyMouth1b.Multimaterial#4","materials":["orbyMouth1b.orbySkin","orbyMouth1b.orbyHands","orbyMouth1b.orbyArms","orbyMouth1b.orbyFeet","orbyMouth1b.orbyLegs","orbyMouth1b.orbyEye","orbyMouth1b.orbyIris10","orbyMouth1b.orbyIris9","orbyMouth1b.orbyIris8","orbyMouth1b.orbyIris7","orbyMouth1b.orbyIris6","orbyMouth1b.orbyIris5","orbyMouth1b.orbyIris4","orbyMouth1b.orbyIris3","orbyMouth1b.orbyIris2","orbyMouth1b.orbyIris1"]},{"name":"orbyMouth1b.Multimaterial#5","id":"orbyMouth1b.Multimaterial#5","materials":["orbyMouth1b.orbySkin","orbyMouth1b.orbyHands","orbyMouth1b.orbyArms","orbyMouth1b.orbyFeet","orbyMouth1b.orbyLegs","orbyMouth1b.orbyEye","orbyMouth1b.orbyIris10","orbyMouth1b.orbyIris9","orbyMouth1b.orbyIris8","orbyMouth1b.orbyIris7","orbyMouth1b.orbyIris6","orbyMouth1b.orbyIris5","orbyMouth1b.orbyIris4","orbyMouth1b.orbyIris3","orbyMouth1b.orbyIris2","orbyMouth1b.orbyIris1"]},{"name":"orbyMouth1b.Multimaterial#6","id":"orbyMouth1b.Multimaterial#6","materials":["orbyMouth1b.orbySkin","orbyMouth1b.orbyHands","orbyMouth1b.orbyArms","orbyMouth1b.orbyFeet","orbyMouth1b.orbyLegs","orbyMouth1b.orbyEye","orbyMouth1b.orbyIris10","orbyMouth1b.orbyIris9","orbyMouth1b.orbyIris8","orbyMouth1b.orbyIris7","orbyMouth1b.orbyIris6","orbyMouth1b.orbyIris5","orbyMouth1b.orbyIris4","orbyMouth1b.orbyIris3","orbyMouth1b.orbyIris2","orbyMouth1b.orbyIris1"]}],
"skeletons":[{"name":"ArmatureOrby","id":0,"dimensionsAtRest":[4.6303,3.7026,5.5735],"bones":[
{"name":"L_handIK","index":0,"matrix":[-0.9794,0,0.2022,0,-0.2022,0,-0.9793,0,0,1,0,0,-0.4291,0.2373,-2.145,1],"rest":[-0.9794,0,0.2022,0,-0.2022,0,-0.9793,0,0,1,0,0,-0.4291,0.2373,-2.145,1],"parentBoneIndex":-1,"length":0.2491
,"animation":{"dataType":3,"framePerSecond":24,"keys":[
{"frame":0,"values":[-0.9794,0,0.2022,0,-0.2022,0,-0.9793,0,0,1,0,0,-0.4291,0.2373,-2.145,1]},
{"frame":570,"values":[-0.9794,0,0.2022,0,-0.2022,0,-0.9793,0,0,1,0,0,-0.4291,0.2373,-2.145,1]}],"loopBehavior":1,"name":"anim","property":"_matrix"}},
{"name":"R_handIK","index":1,"matrix":[0.9793,0,-0.2022,0,0.2022,0,0.9793,0,0,1,0,0,0.4555,0.2373,2.1396,1],"rest":[0.9793,0,-0.2022,0,0.2022,0,0.9793,0,0,1,0,0,0.4555,0.2373,2.1396,1],"parentBoneIndex":-1,"length":0.2491
,"animation":{"dataType":3,"framePerSecond":24,"keys":[
{"frame":0,"values":[0.9793,0,-0.2022,0,0.2022,0,0.9793,0,0,1,0,0,0.4555,0.2373,2.1396,1]},
{"frame":570,"values":[0.9793,0,-0.2022,0,0.2022,0,0.9793,0,0,1,0,0,0.4555,0.2373,2.1396,1]}],"loopBehavior":1,"name":"anim","property":"_matrix"}},
{"name":"L_footIK","index":2,"matrix":[0.0337,0.0022,0.9994,0,-0.9206,0.3893,0.0302,0,0.3891,0.9211,-0.0151,0,-0.8378,-2.0279,-1.0205,1],"rest":[0.2728,-0.0001,0.9621,0,-0.9615,-0.0348,0.2726,0,-0.0335,0.9994,0.0096,0,-0.028,-2.5952,-0.971,1],"parentBoneIndex":-1,"length":0.3542
,"animation":{"dataType":3,"framePerSecond":24,"keys":[
{"frame":0,"values":[-0.5056,-0.0001,0.8628,0,-0.8623,-0.0347,-0.5053,0,-0.03,0.9994,-0.0175,0,0.0056,-2.506,-0.9283,1]},
{"frame":2,"values":[0.138,0.0903,0.9863,0,-0.8825,-0.4408,0.1638,0,-0.4496,0.893,-0.0189,0,-0.028,-1.8743,-0.971,1]},
{"frame":3,"values":[0.2758,-0.0411,0.9603,0,-0.9446,-0.1964,0.2629,0,-0.1778,0.9797,0.093,0,-0.7761,-1.9812,-0.7297,1]},
{"frame":4,"values":[0.2649,-0.0401,0.9634,0,-0.9557,-0.1441,0.2568,0,-0.1285,0.9888,0.0764,0,-0.7503,-2.0256,-0.7432,1]},
{"frame":5,"values":[0.2475,-0.0377,0.9682,0,-0.9635,-0.1147,0.2418,0,-0.1019,0.9927,0.0647,0,-0.7076,-2.0606,-0.7658,1]},
{"frame":6,"values":[0.2282,-0.0348,0.973,0,-0.97,-0.0944,0.2241,0,-0.0841,0.9949,0.0553,0,-0.6601,-2.0924,-0.791,1]},
{"frame":7,"values":[0.2082,-0.0315,0.9776,0,-0.9755,-0.0794,0.2052,0,-0.0712,0.9963,0.0473,0,-0.6109,-2.1228,-0.8172,1]},
{"frame":8,"values":[0.1882,-0.028,0.9817,0,-0.9802,-0.068,0.1859,0,-0.0615,0.9973,0.0403,0,-0.5616,-2.1525,-0.8434,1]},
{"frame":9,"values":[0.1684,-0.0245,0.9854,0,-0.9842,-0.0591,0.1668,0,-0.0542,0.9979,0.0341,0,-0.5131,-2.1821,-0.8691,1]},
{"frame":10,"values":[0.1493,-0.0211,0.9886,0,-0.9876,-0.0523,0.148,0,-0.0486,0.9984,0.0286,0,-0.4659,-2.2118,-0.8942,1]},
{"frame":11,"values":[0.1309,-0.0177,0.9912,0,-0.9904,-0.047,0.1299,0,-0.0443,0.9987,0.0237,0,-0.4206,-2.2419,-0.9182,1]},
{"frame":12,"values":[0.1134,-0.0145,0.9934,0,-0.9927,-0.043,0.1127,0,-0.0411,0.999,0.0193,0,-0.3776,-2.2725,-0.941,1]},
{"frame":13,"values":[0.0971,-0.0115,0.9952,0,-0.9945,-0.04,0.0966,0,-0.0387,0.9991,0.0153,0,-0.3374,-2.3039,-0.9624,1]},
{"frame":14,"values":[0.0822,-0.0088,0.9966,0,-0.9959,-0.0379,0.0818,0,-0.037,0.9992,0.0119,0,-0.3003,-2.3361,-0.982,1]},
{"frame":15,"values":[0.0687,-0.0064,0.9976,0,-0.997,-0.0364,0.0684,0,-0.0359,0.9993,0.0088,0,-0.2668,-2.3695,-0.9997,1]},
{"frame":16,"values":[0.057,-0.0043,0.9984,0,-0.9978,-0.0355,0.0568,0,-0.0352,0.9994,0.0063,0,-0.2375,-2.4041,-1.0151,1]},
{"frame":17,"values":[0.0473,-0.0025,0.9989,0,-0.9983,-0.035,0.0472,0,-0.0349,0.9994,0.0042,0,-0.2129,-2.4402,-1.028,1]},
{"frame":18,"values":[0.0398,-0.0012,0.9992,0,-0.9986,-0.0348,0.0398,0,-0.0347,0.9994,0.0026,0,-0.1937,-2.478,-1.038,1]},
{"frame":19,"values":[0.035,-0.0004,0.9994,0,-0.9988,-0.0348,0.035,0,-0.0347,0.9994,0.0016,0,-0.1807,-2.5179,-1.0446,1]},
{"frame":20,"values":[0.0333,-0.0001,0.9994,0,-0.9988,-0.0348,0.0333,0,-0.0348,0.9994,0.0013,0,-0.1752,-2.5601,-1.0472,1]},
{"frame":21,"values":[0.0333,-0.0001,0.9994,0,-0.9988,-0.0348,0.0333,0,-0.0348,0.9994,0.0013,0,-0.1741,-2.6144,-1.0475,1]},
{"frame":22,"values":[0.0333,-0.0001,0.9994,0,-0.9988,-0.0348,0.0333,0,-0.0348,0.9994,0.0013,0,-0.1739,-2.6852,-1.0476,1]},
{"frame":23,"values":[0.0333,-0.0001,0.9994,0,-0.9988,-0.0348,0.0333,0,-0.0348,0.9994,0.0013,0,-0.1744,-2.7553,-1.0475,1]},
{"frame":24,"values":[0.0333,-0.0001,0.9994,0,-0.9988,-0.0348,0.0333,0,-0.0348,0.9994,0.0013,0,-0.1749,-2.8035,-1.0473,1]},
{"frame":25,"values":[0.0333,-0.0001,0.9994,0,-0.9988,-0.0348,0.0333,0,-0.0348,0.9994,0.0013,0,-0.1752,-2.8195,-1.0472,1]},
{"frame":26,"values":[0.0333,-0.0001,0.9994,0,-0.9988,-0.0348,0.0333,0,-0.0348,0.9994,0.0013,0,-0.1752,-2.7906,-1.0472,1]},
{"frame":27,"values":[0.0333,-0.0001,0.9994,0,-0.9988,-0.0348,0.0333,0,-0.0348,0.9994,0.0013,0,-0.1752,-2.7034,-1.0472,1]},
{"frame":28,"values":[0.0333,-0.0001,0.9994,0,-0.9988,-0.0348,0.0333,0,-0.0348,0.9994,0.0013,0,-0.1752,-2.5617,-1.0472,1]},
{"frame":29,"values":[0.0333,-0.0001,0.9994,0,-0.9988,-0.0348,0.0333,0,-0.0348,0.9994,0.0013,0,-0.1752,-2.3764,-1.0472,1]},
{"frame":30,"values":[0.0333,-0.0001,0.9994,0,-0.9988,-0.0348,0.0333,0,-0.0348,0.9994,0.0013,0,-0.1752,-2.1664,-1.0472,1]},
{"frame":31,"values":[0.0333,-0.0001,0.9994,0,-0.9988,-0.0348,0.0333,0,-0.0348,0.9994,0.0013,0,-0.1752,-1.9564,-1.0472,1]},
{"frame":32,"values":[0.0333,-0.0001,0.9994,0,-0.9988,-0.0348,0.0333,0,-0.0348,0.9994,0.0013,0,-0.1752,-1.7711,-1.0472,1]},
{"frame":33,"values":[0.0333,-0.0001,0.9994,0,-0.9988,-0.0348,0.0333,0,-0.0348,0.9994,0.0013,0,-0.1752,-1.6294,-1.0472,1]},
{"frame":34,"values":[0.0333,-0.0001,0.9994,0,-0.9988,-0.0348,0.0333,0,-0.0348,0.9994,0.0013,0,-0.1752,-1.5422,-1.0472,1]},
{"frame":35,"values":[0.0333,-0.0001,0.9994,0,-0.9988,-0.0348,0.0333,0,-0.0348,0.9994,0.0013,0,-0.1752,-1.5132,-1.0472,1]},
{"frame":36,"values":[0.0333,-0.0001,0.9994,0,-0.9988,-0.0348,0.0333,0,-0.0348,0.9994,0.0013,0,-0.1738,-1.6062,-1.0476,1]},
{"frame":37,"values":[0.0333,-0.0001,0.9994,0,-0.9988,-0.0348,0.0333,0,-0.0348,0.9994,0.0013,0,-0.1704,-1.8682,-1.0486,1]},
{"frame":38,"values":[0.0333,-0.0001,0.9994,0,-0.9988,-0.0348,0.0333,0,-0.0348,0.9994,0.0013,0,-0.1677,-2.2047,-1.0494,1]},
{"frame":39,"values":[0.0333,-0.0001,0.9994,0,-0.9988,-0.0348,0.0333,0,-0.0348,0.9994,0.0013,0,-0.1689,-2.4668,-1.049,1]},
{"frame":40,"values":[0.0333,-0.0001,0.9994,0,-0.9988,-0.0348,0.0333,0,-0.0348,0.9994,0.0013,0,-0.1752,-2.5601,-1.0472,1]},
{"frame":41,"values":[0.0333,-0.0003,0.9994,0,-0.9969,-0.0716,0.0332,0,-0.0716,0.9974,0.0027,0,-0.1873,-2.538,-1.0452,1]},
{"frame":42,"values":[0.0334,-0.0009,0.9994,0,-0.984,-0.1753,0.0327,0,-0.1752,0.9845,0.0067,0,-0.2048,-2.475,-1.0443,1]},
{"frame":43,"values":[0.0335,-0.0016,0.9994,0,-0.9515,-0.306,0.0314,0,-0.3058,0.952,0.0118,0,-0.2231,-2.3939,-1.0442,1]},
{"frame":44,"values":[0.0337,-0.0021,0.9994,0,-0.9144,-0.4037,0.03,0,-0.4034,0.9149,0.0155,0,-0.2361,-2.3307,-1.0445,1]},
{"frame":45,"values":[0.0338,-0.0023,0.9994,0,-0.8989,-0.4372,0.0294,0,-0.4369,0.8994,0.0168,0,-0.2405,-2.3083,-1.0447,1]},
{"frame":46,"values":[0.0337,-0.0021,0.9994,0,-0.9144,-0.4037,0.03,0,-0.4034,0.9149,0.0155,0,-0.2347,-2.3307,-1.0449,1]},
{"frame":47,"values":[0.0335,-0.0016,0.9994,0,-0.9515,-0.306,0.0314,0,-0.3058,0.952,0.0118,0,-0.2184,-2.3937,-1.0456,1]},
{"frame":48,"values":[0.0334,-0.0009,0.9994,0,-0.984,-0.1753,0.0327,0,-0.1752,0.9845,0.0067,0,-0.1973,-2.4747,-1.0464,1]},
{"frame":49,"values":[0.0333,-0.0003,0.9994,0,-0.9969,-0.0716,0.0332,0,-0.0716,0.9974,0.0027,0,-0.181,-2.5377,-1.047,1]},
{"frame":50,"values":[0.0333,-0.0001,0.9994,0,-0.9988,-0.0348,0.0333,0,-0.0348,0.9994,0.0013,0,-0.1752,-2.5601,-1.0472,1]},
{"frame":51,"values":[0.0333,-0.0002,0.9994,0,-0.9985,-0.044,0.0332,0,-0.0439,0.999,0.0016,0,-0.1766,-2.5545,-1.0472,1]},
{"frame":52,"values":[0.0333,-0.0003,0.9994,0,-0.9969,-0.0716,0.0332,0,-0.0716,0.9974,0.0027,0,-0.181,-2.5377,-1.047,1]},
{"frame":53,"values":[0.0333,-0.0006,0.9994,0,-0.9926,-0.1167,0.033,0,-0.1166,0.9932,0.0044,0,-0.1881,-2.5104,-1.0467,1]},
{"frame":54,"values":[0.0334,-0.0009,0.9994,0,-0.984,-0.1753,0.0327,0,-0.1752,0.9845,0.0067,0,-0.1973,-2.4747,-1.0464,1]},
{"frame":55,"values":[0.0334,-0.0012,0.9994,0,-0.9699,-0.2412,0.0321,0,-0.241,0.9705,0.0093,0,-0.2078,-2.4342,-1.046,1]},
{"frame":56,"values":[0.0335,-0.0016,0.9994,0,-0.9515,-0.306,0.0314,0,-0.3058,0.952,0.0118,0,-0.2184,-2.3937,-1.0456,1]},
{"frame":57,"values":[0.0336,-0.0019,0.9994,0,-0.9317,-0.3619,0.0307,0,-0.3616,0.9322,0.0139,0,-0.2276,-2.358,-1.0452,1]},
{"frame":58,"values":[0.0337,-0.0021,0.9994,0,-0.9144,-0.4037,0.03,0,-0.4034,0.9149,0.0155,0,-0.2347,-2.3307,-1.0449,1]},
{"frame":59,"values":[0.0338,-0.0022,0.9994,0,-0.9029,-0.4289,0.0295,0,-0.4286,0.9034,0.0165,0,-0.2391,-2.3139,-1.0448,1]},
{"frame":60,"values":[0.0338,-0.0023,0.9994,0,-0.8989,-0.4372,0.0294,0,-0.4369,0.8994,0.0168,0,-0.2405,-2.3083,-1.0447,1]},
{"frame":61,"values":[0.0338,-0.0023,0.9994,0,-0.8999,-0.4351,0.0294,0,-0.4348,0.9004,0.0167,0,-0.2402,-2.3097,-1.0448,1]},
{"frame":62,"values":[0.0338,-0.0022,0.9994,0,-0.9029,-0.4289,0.0295,0,-0.4286,0.9034,0.0165,0,-0.2391,-2.3139,-1.0449,1]},
{"frame":63,"values":[0.0337,-0.0022,0.9994,0,-0.9078,-0.4184,0.0297,0,-0.4181,0.9083,0.0161,0,-0.2374,-2.3209,-1.0452,1]},
{"frame":64,"values":[0.0337,-0.0021,0.9994,0,-0.9144,-0.4037,0.03,0,-0.4034,0.9149,0.0155,0,-0.2349,-2.3307,-1.0455,1]},
{"frame":65,"values":[0.0337,-0.002,0.9994,0,-0.9225,-0.3848,0.0303,0,-0.3845,0.923,0.0148,0,-0.2317,-2.3431,-1.046,1]},
{"frame":66,"values":[0.0336,-0.0019,0.9994,0,-0.9317,-0.3619,0.0307,0,-0.3616,0.9322,0.0139,0,-0.228,-2.358,-1.0465,1]},
{"frame":67,"values":[0.0336,-0.0017,0.9994,0,-0.9415,-0.3355,0.031,0,-0.3352,0.9421,0.0129,0,-0.2237,-2.375,-1.047,1]},
{"frame":68,"values":[0.0335,-0.0016,0.9994,0,-0.9515,-0.306,0.0314,0,-0.3058,0.952,0.0118,0,-0.2189,-2.3937,-1.0476,1]},
{"frame":69,"values":[0.0335,-0.0014,0.9994,0,-0.9611,-0.2743,0.0318,0,-0.2741,0.9617,0.0105,0,-0.2138,-2.4137,-1.0481,1]},
{"frame":70,"values":[0.0334,-0.0012,0.9994,0,-0.9699,-0.2412,0.0321,0,-0.241,0.9705,0.0093,0,-0.2086,-2.4342,-1.0487,1]},
{"frame":71,"values":[0.0334,-0.001,0.9994,0,-0.9776,-0.2079,0.0324,0,-0.2077,0.9782,0.008,0,-0.2033,-2.4548,-1.0491,1]},
{"frame":72,"values":[0.0334,-0.0009,0.9994,0,-0.984,-0.1753,0.0327,0,-0.1752,0.9845,0.0067,0,-0.1982,-2.4747,-1.0495,1]},
{"frame":73,"values":[0.0333,-0.0007,0.9994,0,-0.9889,-0.1446,0.0329,0,-0.1445,0.9895,0.0055,0,-0.1934,-2.4934,-1.0497,1]},
{"frame":74,"values":[0.0333,-0.0006,0.9994,0,-0.9926,-0.1167,0.033,0,-0.1166,0.9932,0.0044,0,-0.189,-2.5104,-1.0499,1]},
{"frame":75,"values":[0.0333,-0.0004,0.9994,0,-0.9952,-0.0921,0.0331,0,-0.0921,0.9957,0.0035,0,-0.185,-2.5253,-1.0498,1]},
{"frame":76,"values":[0.0333,-0.0003,0.9994,0,-0.9969,-0.0716,0.0332,0,-0.0716,0.9974,0.0027,0,-0.1817,-2.5377,-1.0496,1]},
{"frame":77,"values":[0.0333,-0.0002,0.9994,0,-0.9979,-0.0555,0.0332,0,-0.0555,0.9985,0.0021,0,-0.1791,-2.5475,-1.0493,1]},
{"frame":78,"values":[0.0333,-0.0002,0.9994,0,-0.9985,-0.044,0.0332,0,-0.0439,0.999,0.0016,0,-0.1771,-2.5545,-1.0488,1]},
{"frame":79,"values":[0.0333,-0.0001,0.9994,0,-0.9988,-0.0371,0.0333,0,-0.037,0.9993,0.0014,0,-0.1758,-2.5587,-1.0481,1]},
{"frame":80,"values":[0.0333,-0.0001,0.9994,0,-0.9988,-0.0348,0.0333,0,-0.0348,0.9994,0.0013,0,-0.1752,-2.5601,-1.0472,1]},
{"frame":81,"values":[0.0333,-0.0001,0.9994,0,-0.9987,-0.0378,0.0333,0,-0.0378,0.9993,0.0014,0,-0.1751,-2.5596,-1.0462,1]},
{"frame":82,"values":[0.0333,-0.0002,0.9994,0,-0.9983,-0.047,0.0332,0,-0.0469,0.9989,0.0017,0,-0.1755,-2.5581,-1.0449,1]},
{"frame":83,"values":[0.0333,-0.0003,0.9994,0,-0.9975,-0.0623,0.0332,0,-0.0623,0.9981,0.0023,0,-0.1764,-2.5555,-1.0434,1]},
{"frame":84,"values":[0.0333,-0.0004,0.9994,0,-0.9959,-0.0838,0.0331,0,-0.0837,0.9965,0.0032,0,-0.1777,-2.5519,-1.0416,1]},
{"frame":85,"values":[0.0333,-0.0005,0.9994,0,-0.9933,-0.111,0.033,0,-0.1109,0.9938,0.0042,0,-0.1794,-2.5473,-1.0396,1]},
{"frame":86,"values":[0.0333,-0.0007,0.9994,0,-0.9891,-0.1436,0.0329,0,-0.1435,0.9896,0.0055,0,-0.1816,-2.5419,-1.0375,1]},
{"frame":87,"values":[0.0334,-0.0009,0.9994,0,-0.983,-0.1808,0.0326,0,-0.1807,0.9835,0.0069,0,-0.184,-2.5356,-1.0351,1]},
{"frame":88,"values":[0.0334,-0.0011,0.9994,0,-0.9746,-0.2216,0.0323,0,-0.2214,0.9751,0.0085,0,-0.1868,-2.5287,-1.0327,1]},
{"frame":89,"values":[0.0335,-0.0014,0.9994,0,-0.9638,-0.2646,0.0319,0,-0.2644,0.9644,0.0102,0,-0.1898,-2.5214,-1.0302,1]},
{"frame":90,"values":[0.0335,-0.0016,0.9994,0,-0.9507,-0.3084,0.0314,0,-0.3082,0.9512,0.0119,0,-0.1929,-2.5138,-1.0276,1]},
{"frame":91,"values":[0.0336,-0.0018,0.9994,0,-0.9356,-0.3517,0.0308,0,-0.3514,0.9361,0.0135,0,-0.196,-2.5063,-1.0252,1]},
{"frame":92,"values":[0.0337,-0.002,0.9994,0,-0.9191,-0.3928,0.0302,0,-0.3925,0.9196,0.0151,0,-0.199,-2.499,-1.0229,1]},
{"frame":93,"values":[0.0338,-0.0023,0.9994,0,-0.902,-0.4307,0.0295,0,-0.4304,0.9025,0.0166,0,-0.2018,-2.4921,-1.0207,1]},
{"frame":94,"values":[0.0339,-0.0024,0.9994,0,-0.8851,-0.4644,0.0289,0,-0.4641,0.8856,0.0179,0,-0.2044,-2.4858,-1.0188,1]},
{"frame":95,"values":[0.0339,-0.0026,0.9994,0,-0.8694,-0.4933,0.0283,0,-0.4929,0.8699,0.019,0,-0.2067,-2.4804,-1.0172,1]},
{"frame":96,"values":[0.034,-0.0027,0.9994,0,-0.8556,-0.5169,0.0277,0,-0.5165,0.856,0.0199,0,-0.2086,-2.4758,-1.0158,1]},
{"frame":97,"values":[0.0341,-0.0028,0.9994,0,-0.8443,-0.5352,0.0273,0,-0.5348,0.8447,0.0206,0,-0.2101,-2.4722,-1.0147,1]},
{"frame":98,"values":[0.0341,-0.0029,0.9994,0,-0.836,-0.5481,0.027,0,-0.5477,0.8364,0.0211,0,-0.2112,-2.4696,-1.014,1]},
{"frame":99,"values":[0.0341,-0.0029,0.9994,0,-0.8309,-0.5558,0.0268,0,-0.5554,0.8313,0.0214,0,-0.2118,-2.4681,-1.0135,1]},
{"frame":100,"values":[0.0342,-0.0029,0.9994,0,-0.8292,-0.5583,0.0267,0,-0.5579,0.8296,0.0215,0,-0.212,-2.4676,-1.0134,1]},
{"frame":101,"values":[0.0341,-0.0029,0.9994,0,-0.8301,-0.557,0.0267,0,-0.5566,0.8305,0.0215,0,-0.2118,-2.4681,-1.0135,1]},
{"frame":102,"values":[0.0341,-0.0029,0.9994,0,-0.8326,-0.5532,0.0268,0,-0.5527,0.8331,0.0213,0,-0.2111,-2.4696,-1.0137,1]},
{"frame":103,"values":[0.0341,-0.0029,0.9994,0,-0.8371,-0.5465,0.0269,0,-0.5461,0.8375,0.021,0,-0.2099,-2.4722,-1.014,1]},
{"frame":104,"values":[0.034,-0.0029,0.9994,0,-0.8433,-0.5368,0.0271,0,-0.5364,0.8437,0.0207,0,-0.2083,-2.4758,-1.0146,1]},
{"frame":105,"values":[0.0339,-0.0028,0.9994,0,-0.8513,-0.5239,0.0274,0,-0.5235,0.8518,0.0201,0,-0.2062,-2.4804,-1.0153,1]},
{"frame":106,"values":[0.0338,-0.0027,0.9994,0,-0.8611,-0.5077,0.0277,0,-0.5074,0.8615,0.0195,0,-0.2037,-2.4858,-1.0163,1]},
{"frame":107,"values":[0.0337,-0.0026,0.9994,0,-0.8723,-0.4882,0.0281,0,-0.4878,0.8727,0.0187,0,-0.2009,-2.4921,-1.0175,1]},
{"frame":108,"values":[0.0335,-0.0025,0.9994,0,-0.8847,-0.4652,0.0285,0,-0.4649,0.8852,0.0178,0,-0.1978,-2.499,-1.0188,1]},
{"frame":109,"values":[0.0334,-0.0024,0.9994,0,-0.898,-0.439,0.029,0,-0.4387,0.8985,0.0168,0,-0.1946,-2.5063,-1.0204,1]},
{"frame":110,"values":[0.0333,-0.0022,0.9994,0,-0.9118,-0.4096,0.0295,0,-0.4093,0.9123,0.0157,0,-0.1913,-2.5138,-1.0222,1]},
{"frame":111,"values":[0.0332,-0.0021,0.9994,0,-0.9256,-0.3774,0.0299,0,-0.3772,0.926,0.0144,0,-0.1881,-2.5214,-1.0242,1]},
{"frame":112,"values":[0.0331,-0.0019,0.9995,0,-0.9389,-0.3429,0.0304,0,-0.3426,0.9394,0.0131,0,-0.185,-2.5287,-1.0263,1]},
{"frame":113,"values":[0.033,-0.0017,0.9995,0,-0.9514,-0.3063,0.0309,0,-0.3061,0.9519,0.0117,0,-0.1822,-2.5356,-1.0287,1]},
{"frame":114,"values":[0.0329,-0.0014,0.9995,0,-0.9628,-0.2683,0.0313,0,-0.2681,0.9633,0.0102,0,-0.1798,-2.5419,-1.0311,1]},
{"frame":115,"values":[0.0329,-0.0012,0.9995,0,-0.9728,-0.2294,0.0318,0,-0.2292,0.9733,0.0087,0,-0.1777,-2.5473,-1.0337,1]},
{"frame":116,"values":[0.0329,-0.001,0.9995,0,-0.9813,-0.1899,0.0321,0,-0.1898,0.9818,0.0072,0,-0.1762,-2.5519,-1.0363,1]},
{"frame":117,"values":[0.033,-0.0008,0.9995,0,-0.9881,-0.1504,0.0325,0,-0.1503,0.9886,0.0057,0,-0.1752,-2.5555,-1.039,1]},
{"frame":118,"values":[0.033,-0.0005,0.9995,0,-0.9933,-0.1112,0.0328,0,-0.1111,0.9938,0.0042,0,-0.1746,-2.5581,-1.0417,1]},
{"frame":119,"values":[0.0331,-0.0003,0.9995,0,-0.9968,-0.0726,0.033,0,-0.0725,0.9974,0.0027,0,-0.1746,-2.5596,-1.0445,1]},
{"frame":120,"values":[0.0333,-0.0001,0.9994,0,-0.9988,-0.0348,0.0333,0,-0.0348,0.9994,0.0013,0,-0.1752,-2.5601,-1.0472,1]},
{"frame":121,"values":[0.0334,0.0001,0.9994,0,-0.9994,0.0079,0.0334,0,0.0079,1,-0.0004,0,-0.192,-2.5472,-1.049,1]},
{"frame":122,"values":[0.0335,0.0004,0.9994,0,-0.9976,0.0609,0.0334,0,0.0609,0.9981,-0.0024,0,-0.2409,-2.5082,-1.0486,1]},
{"frame":123,"values":[0.0336,0.0007,0.9994,0,-0.9919,0.1225,0.0333,0,0.1224,0.9925,-0.0048,0,-0.3201,-2.4448,-1.0462,1]},
{"frame":124,"values":[0.0337,0.0011,0.9994,0,-0.9814,0.189,0.0328,0,0.1888,0.982,-0.0074,0,-0.4232,-2.362,-1.042,1]},
{"frame":125,"values":[0.0337,0.0014,0.9994,0,-0.9663,0.2553,0.0322,0,0.2551,0.9669,-0.01,0,-0.54,-2.2681,-1.0366,1]},
{"frame":126,"values":[0.0337,0.0017,0.9994,0,-0.9484,0.3155,0.0315,0,0.3152,0.9489,-0.0123,0,-0.6566,-2.1742,-1.0309,1]},
{"frame":127,"values":[0.0338,0.002,0.9994,0,-0.9306,0.3647,0.0307,0,0.3645,0.9311,-0.0142,0,-0.7594,-2.0913,-1.0256,1]},
{"frame":128,"values":[0.0338,0.0022,0.9994,0,-0.9159,0.4002,0.0301,0,0.3999,0.9164,-0.0156,0,-0.8381,-2.0279,-1.0214,1]},
{"frame":129,"values":[0.0338,0.0023,0.9994,0,-0.9066,0.421,0.0297,0,0.4207,0.907,-0.0164,0,-0.8864,-1.989,-1.0188,1]},
{"frame":130,"values":[0.0338,0.0024,0.9994,0,-0.9034,0.4278,0.0296,0,0.4274,0.9039,-0.0166,0,-0.9025,-1.976,-1.0179,1]},
{"frame":131,"values":[0.0338,0.0023,0.9994,0,-0.9078,0.4183,0.0297,0,0.4179,0.9083,-0.0163,0,-0.8863,-1.989,-1.0185,1]},
{"frame":132,"values":[0.0337,0.0022,0.9994,0,-0.9206,0.3893,0.0302,0,0.3891,0.9211,-0.0151,0,-0.8378,-2.0279,-1.0205,1]},
{"frame":133,"values":[0.0336,0.0019,0.9994,0,-0.9394,0.3413,0.031,0,0.3411,0.9399,-0.0133,0,-0.7589,-2.0913,-1.0237,1]},
{"frame":134,"values":[0.0335,0.0016,0.9994,0,-0.9604,0.2769,0.0318,0,0.2767,0.9609,-0.0108,0,-0.6557,-2.1742,-1.0278,1]},
{"frame":135,"values":[0.0334,0.0012,0.9994,0,-0.9788,0.2022,0.0325,0,0.2021,0.9793,-0.0079,0,-0.5388,-2.2681,-1.0326,1]},
{"frame":136,"values":[0.0333,0.0008,0.9994,0,-0.9914,0.1263,0.033,0,0.1262,0.992,-0.005,0,-0.4219,-2.362,-1.0373,1]},
{"frame":137,"values":[0.0333,0.0004,0.9994,0,-0.9977,0.0589,0.0332,0,0.0588,0.9983,-0.0024,0,-0.3187,-2.4448,-1.0415,1]},
{"frame":138,"values":[0.0333,0.0001,0.9994,0,-0.9994,0.0073,0.0333,0,0.0073,1,-0.0004,0,-0.2398,-2.5082,-1.0446,1]},
{"frame":139,"values":[0.0333,-0.0001,0.9994,0,-0.9992,-0.0243,0.0333,0,-0.0243,0.9997,0.0009,0,-0.1913,-2.5472,-1.0466,1]},
{"frame":140,"values":[0.0333,-0.0001,0.9994,0,-0.9988,-0.0348,0.0333,0,-0.0348,0.9994,0.0013,0,-0.1752,-2.5601,-1.0472,1]},
{"frame":201,"values":[0.0328,-0.0001,0.9995,0,-0.9989,-0.0348,0.0328,0,-0.0348,0.9994,0.0013,0,-0.175,-2.5601,-1.0471,1]},
{"frame":202,"values":[0.0314,-0.0001,0.9995,0,-0.9989,-0.0348,0.0314,0,-0.0348,0.9994,0.0012,0,-0.1746,-2.5599,-1.0468,1]},
{"frame":203,"values":[0.029,-0.0001,0.9996,0,-0.999,-0.0348,0.029,0,-0.0348,0.9994,0.0011,0,-0.1738,-2.5597,-1.0463,1]},
{"frame":204,"values":[0.0257,-0.0001,0.9997,0,-0.9991,-0.0348,0.0257,0,-0.0348,0.9994,0.001,0,-0.1727,-2.5594,-1.0456,1]},
{"frame":205,"values":[0.0214,-0.0001,0.9998,0,-0.9992,-0.0348,0.0214,0,-0.0348,0.9994,0.0009,0,-0.1713,-2.559,-1.0447,1]},
{"frame":206,"values":[0.0162,-0.0001,0.9999,0,-0.9993,-0.0348,0.0162,0,-0.0348,0.9994,0.0007,0,-0.1696,-2.5585,-1.0436,1]},
{"frame":207,"values":[0.01,-0.0001,1,0,-0.9993,-0.0348,0.01,0,-0.0348,0.9994,0.0005,0,-0.1676,-2.5579,-1.0423,1]},
{"frame":208,"values":[0.0028,-0.0001,1,0,-0.9994,-0.0348,0.0028,0,-0.0348,0.9994,0.0002,0,-0.1653,-2.5572,-1.0407,1]},
{"frame":209,"values":[-0.0053,-0.0001,1,0,-0.9994,-0.0348,-0.0053,0,-0.0348,0.9994,-0.0001,0,-0.1627,-2.5564,-1.039,1]},
{"frame":210,"values":[-0.0144,-0.0001,0.9999,0,-0.9993,-0.0348,-0.0144,0,-0.0348,0.9994,-0.0004,0,-0.1597,-2.5555,-1.0371,1]},
{"frame":211,"values":[-0.0243,-0.0001,0.9997,0,-0.9991,-0.0348,-0.0243,0,-0.0348,0.9994,-0.0007,0,-0.1565,-2.5545,-1.035,1]},
{"frame":212,"values":[-0.0352,-0.0001,0.9994,0,-0.9988,-0.0348,-0.0352,0,-0.0347,0.9994,-0.0011,0,-0.153,-2.5535,-1.0327,1]},
{"frame":213,"values":[-0.047,-0.0001,0.9989,0,-0.9983,-0.0348,-0.0469,0,-0.0347,0.9994,-0.0015,0,-0.1492,-2.5524,-1.0302,1]},
{"frame":214,"values":[-0.0596,-0.0001,0.9982,0,-0.9976,-0.0348,-0.0595,0,-0.0347,0.9994,-0.002,0,-0.1452,-2.5511,-1.0275,1]},
{"frame":215,"values":[-0.0729,-0.0001,0.9973,0,-0.9967,-0.0348,-0.0729,0,-0.0347,0.9994,-0.0024,0,-0.1408,-2.5499,-1.0247,1]},
{"frame":216,"values":[-0.0871,-0.0001,0.9962,0,-0.9956,-0.0348,-0.087,0,-0.0346,0.9994,-0.0029,0,-0.1363,-2.5485,-1.0217,1]},
{"frame":217,"values":[-0.1019,-0.0001,0.9948,0,-0.9942,-0.0348,-0.1018,0,-0.0346,0.9994,-0.0034,0,-0.1315,-2.5471,-1.0185,1]},
{"frame":218,"values":[-0.1174,-0.0001,0.9931,0,-0.9925,-0.0348,-0.1173,0,-0.0345,0.9994,-0.004,0,-0.1265,-2.5456,-1.0153,1]},
{"frame":219,"values":[-0.1334,-0.0001,0.9911,0,-0.9905,-0.0348,-0.1333,0,-0.0345,0.9994,-0.0045,0,-0.1214,-2.544,-1.0119,1]},
{"frame":220,"values":[-0.1499,-0.0001,0.9887,0,-0.9881,-0.0348,-0.1498,0,-0.0344,0.9994,-0.0051,0,-0.116,-2.5424,-1.0083,1]},
{"frame":221,"values":[-0.1668,-0.0001,0.986,0,-0.9854,-0.0348,-0.1668,0,-0.0343,0.9994,-0.0057,0,-0.1106,-2.5408,-1.0047,1]},
{"frame":222,"values":[-0.1841,-0.0001,0.9829,0,-0.9823,-0.0348,-0.184,0,-0.0342,0.9994,-0.0063,0,-0.105,-2.5391,-1.0011,1]},
{"frame":223,"values":[-0.2016,-0.0001,0.9795,0,-0.9789,-0.0348,-0.2015,0,-0.0341,0.9994,-0.0069,0,-0.0993,-2.5374,-0.9973,1]},
{"frame":224,"values":[-0.2193,-0.0001,0.9757,0,-0.9751,-0.0347,-0.2191,0,-0.0339,0.9994,-0.0075,0,-0.0935,-2.5357,-0.9935,1]},
{"frame":225,"values":[-0.237,-0.0001,0.9715,0,-0.9709,-0.0347,-0.2368,0,-0.0338,0.9994,-0.0081,0,-0.0877,-2.534,-0.9897,1]},
{"frame":226,"values":[-0.2547,-0.0001,0.967,0,-0.9664,-0.0347,-0.2545,0,-0.0336,0.9994,-0.0088,0,-0.0819,-2.5322,-0.9859,1]},
{"frame":227,"values":[-0.2722,-0.0001,0.9622,0,-0.9617,-0.0347,-0.2721,0,-0.0335,0.9994,-0.0094,0,-0.0761,-2.5305,-0.9821,1]},
{"frame":228,"values":[-0.2895,-0.0001,0.9572,0,-0.9566,-0.0347,-0.2894,0,-0.0333,0.9994,-0.01,0,-0.0703,-2.5288,-0.9783,1]},
{"frame":229,"values":[-0.3066,-0.0001,0.9518,0,-0.9513,-0.0347,-0.3064,0,-0.0331,0.9994,-0.0106,0,-0.0647,-2.5271,-0.9745,1]},
{"frame":230,"values":[-0.3232,-0.0001,0.9463,0,-0.9458,-0.0347,-0.323,0,-0.0329,0.9994,-0.0111,0,-0.0591,-2.5254,-0.9709,1]},
{"frame":231,"values":[-0.3394,-0.0001,0.9406,0,-0.9401,-0.0347,-0.3392,0,-0.0327,0.9994,-0.0117,0,-0.0536,-2.5237,-0.9673,1]},
{"frame":232,"values":[-0.3551,-0.0001,0.9348,0,-0.9343,-0.0347,-0.3548,0,-0.0325,0.9994,-0.0122,0,-0.0482,-2.5221,-0.9637,1]},
{"frame":233,"values":[-0.3701,-0.0001,0.929,0,-0.9284,-0.0347,-0.3699,0,-0.0323,0.9994,-0.0128,0,-0.0431,-2.5206,-0.9603,1]},
{"frame":234,"values":[-0.3845,-0.0001,0.9231,0,-0.9226,-0.0347,-0.3843,0,-0.0321,0.9994,-0.0133,0,-0.0381,-2.5191,-0.9571,1]},
{"frame":235,"values":[-0.3982,-0.0001,0.9173,0,-0.9167,-0.0347,-0.398,0,-0.0319,0.9994,-0.0137,0,-0.0333,-2.5177,-0.9539,1]},
{"frame":236,"values":[-0.4112,-0.0001,0.9116,0,-0.911,-0.0347,-0.4109,0,-0.0317,0.9994,-0.0142,0,-0.0288,-2.5163,-0.9509,1]},
{"frame":237,"values":[-0.4234,-0.0001,0.906,0,-0.9054,-0.0347,-0.4231,0,-0.0315,0.9994,-0.0146,0,-0.0245,-2.515,-0.9481,1]},
{"frame":238,"values":[-0.4348,-0.0001,0.9005,0,-0.9,-0.0347,-0.4345,0,-0.0313,0.9994,-0.015,0,-0.0204,-2.5138,-0.9454,1]},
{"frame":239,"values":[-0.4453,-0.0001,0.8954,0,-0.8948,-0.0347,-0.4451,0,-0.0311,0.9994,-0.0154,0,-0.0166,-2.5127,-0.9429,1]},
{"frame":240,"values":[-0.455,-0.0001,0.8905,0,-0.8899,-0.0347,-0.4548,0,-0.031,0.9994,-0.0157,0,-0.0131,-2.5116,-0.9406,1]},
{"frame":241,"values":[-0.4639,-0.0001,0.8859,0,-0.8853,-0.0347,-0.4636,0,-0.0308,0.9994,-0.016,0,-0.0099,-2.5107,-0.9385,1]},
{"frame":242,"values":[-0.4719,-0.0001,0.8816,0,-0.8811,-0.0347,-0.4716,0,-0.0307,0.9994,-0.0163,0,-0.007,-2.5098,-0.9366,1]},
{"frame":243,"values":[-0.4791,-0.0001,0.8778,0,-0.8773,-0.0347,-0.4788,0,-0.0305,0.9994,-0.0166,0,-0.0043,-2.509,-0.9349,1]},
{"frame":244,"values":[-0.4853,-0.0001,0.8743,0,-0.8738,-0.0347,-0.485,0,-0.0304,0.9994,-0.0168,0,-0.002,-2.5083,-0.9333,1]},
{"frame":245,"values":[-0.4908,-0.0001,0.8713,0,-0.8708,-0.0347,-0.4905,0,-0.0303,0.9994,-0.017,0,0,-2.5077,-0.932,1]},
{"frame":246,"values":[-0.4953,-0.0001,0.8687,0,-0.8682,-0.0347,-0.495,0,-0.0302,0.9994,-0.0171,0,0.0017,-2.5072,-0.9309,1]},
{"frame":247,"values":[-0.499,-0.0001,0.8666,0,-0.8661,-0.0347,-0.4987,0,-0.0301,0.9994,-0.0173,0,0.0031,-2.5068,-0.93,1]},
{"frame":248,"values":[-0.5019,-0.0001,0.8649,0,-0.8644,-0.0347,-0.5016,0,-0.0301,0.9994,-0.0174,0,0.0042,-2.5065,-0.9293,1]},
{"frame":249,"values":[-0.504,-0.0001,0.8637,0,-0.8632,-0.0347,-0.5037,0,-0.03,0.9994,-0.0174,0,0.0049,-2.5062,-0.9288,1]},
{"frame":250,"values":[-0.5052,-0.0001,0.863,0,-0.8625,-0.0347,-0.5049,0,-0.03,0.9994,-0.0175,0,0.0054,-2.5061,-0.9284,1]},
{"frame":251,"values":[-0.5056,-0.0001,0.8628,0,-0.8623,-0.0347,-0.5053,0,-0.03,0.9994,-0.0175,0,0.0056,-2.506,-0.9283,1]},
{"frame":252,"values":[-0.5054,-0.0001,0.8629,0,-0.8624,-0.0347,-0.5051,0,-0.03,0.9994,-0.0175,0,0.0055,-2.5061,-0.9284,1]},
{"frame":253,"values":[-0.5047,-0.0001,0.8633,0,-0.8628,-0.0347,-0.5044,0,-0.03,0.9994,-0.0175,0,0.0052,-2.5061,-0.9286,1]},
{"frame":254,"values":[-0.5036,-0.0001,0.8639,0,-0.8634,-0.0347,-0.5033,0,-0.03,0.9994,-0.0174,0,0.0048,-2.5061,-0.9288,1]},
{"frame":255,"values":[-0.5021,-0.0001,0.8648,0,-0.8643,-0.0347,-0.5018,0,-0.0301,0.9994,-0.0174,0,0.0042,-2.5061,-0.9292,1]},
{"frame":256,"values":[-0.5001,-0.0001,0.8659,0,-0.8654,-0.0347,-0.4998,0,-0.0301,0.9994,-0.0173,0,0.0035,-2.5062,-0.9297,1]},
{"frame":257,"values":[-0.4977,-0.0001,0.8673,0,-0.8668,-0.0347,-0.4974,0,-0.0302,0.9994,-0.0172,0,0.0025,-2.5062,-0.9302,1]},
{"frame":258,"values":[-0.4949,-0.0001,0.869,0,-0.8684,-0.0347,-0.4946,0,-0.0302,0.9994,-0.0171,0,0.0014,-2.5063,-0.9309,1]},
{"frame":259,"values":[-0.4916,-0.0001,0.8708,0,-0.8703,-0.0347,-0.4913,0,-0.0303,0.9994,-0.017,0,0.0002,-2.5064,-0.9317,1]},
{"frame":260,"values":[-0.4878,-0.0001,0.873,0,-0.8724,-0.0347,-0.4875,0,-0.0304,0.9994,-0.0169,0,-0.0013,-2.5065,-0.9326,1]},
{"frame":261,"values":[-0.4836,-0.0001,0.8753,0,-0.8748,-0.0347,-0.4833,0,-0.0304,0.9994,-0.0167,0,-0.0029,-2.5066,-0.9336,1]},
{"frame":262,"values":[-0.4789,-0.0001,0.8779,0,-0.8774,-0.0347,-0.4786,0,-0.0305,0.9994,-0.0165,0,-0.0047,-2.5067,-0.9347,1]},
{"frame":263,"values":[-0.4737,-0.0001,0.8807,0,-0.8801,-0.0347,-0.4735,0,-0.0306,0.9994,-0.0164,0,-0.0066,-2.5068,-0.9359,1]},
{"frame":264,"values":[-0.4681,-0.0001,0.8837,0,-0.8831,-0.0347,-0.4679,0,-0.0307,0.9994,-0.0162,0,-0.0087,-2.507,-0.9372,1]},
{"frame":265,"values":[-0.4621,-0.0001,0.8868,0,-0.8863,-0.0347,-0.4618,0,-0.0308,0.9994,-0.0159,0,-0.011,-2.5071,-0.9387,1]},
{"frame":266,"values":[-0.4556,-0.0001,0.8902,0,-0.8897,-0.0347,-0.4553,0,-0.031,0.9994,-0.0157,0,-0.0134,-2.5073,-0.9402,1]},
{"frame":267,"values":[-0.4486,-0.0001,0.8937,0,-0.8932,-0.0347,-0.4483,0,-0.0311,0.9994,-0.0155,0,-0.016,-2.5074,-0.9418,1]},
{"frame":268,"values":[-0.4412,-0.0001,0.8974,0,-0.8969,-0.0347,-0.4409,0,-0.0312,0.9994,-0.0152,0,-0.0188,-2.5076,-0.9435,1]},
{"frame":269,"values":[-0.4333,-0.0001,0.9013,0,-0.9007,-0.0347,-0.433,0,-0.0313,0.9994,-0.0149,0,-0.0217,-2.5078,-0.9453,1]},
{"frame":270,"values":[-0.425,-0.0001,0.9052,0,-0.9047,-0.0347,-0.4247,0,-0.0315,0.9994,-0.0146,0,-0.0247,-2.508,-0.9472,1]},
{"frame":271,"values":[-0.4162,-0.0001,0.9093,0,-0.9087,-0.0347,-0.416,0,-0.0316,0.9994,-0.0143,0,-0.0279,-2.5082,-0.9492,1]},
{"frame":272,"values":[-0.4071,-0.0001,0.9134,0,-0.9128,-0.0347,-0.4068,0,-0.0318,0.9994,-0.014,0,-0.0312,-2.5084,-0.9513,1]},
{"frame":273,"values":[-0.3975,-0.0002,0.9176,0,-0.917,-0.0347,-0.3973,0,-0.0319,0.9994,-0.0137,0,-0.0346,-2.5086,-0.9534,1]},
{"frame":274,"values":[-0.3876,-0.0002,0.9218,0,-0.9213,-0.0347,-0.3873,0,-0.0321,0.9994,-0.0133,0,-0.0382,-2.5088,-0.9556,1]},
{"frame":275,"values":[-0.3772,-0.0002,0.9261,0,-0.9256,-0.0347,-0.377,0,-0.0322,0.9994,-0.0129,0,-0.0419,-2.5091,-0.9579,1]},
{"frame":276,"values":[-0.3665,-0.0002,0.9304,0,-0.9299,-0.0347,-0.3663,0,-0.0324,0.9994,-0.0126,0,-0.0457,-2.5093,-0.9603,1]},
{"frame":277,"values":[-0.3555,-0.0002,0.9347,0,-0.9341,-0.0347,-0.3553,0,-0.0325,0.9994,-0.0122,0,-0.0496,-2.5095,-0.9627,1]},
{"frame":278,"values":[-0.3441,-0.0002,0.9389,0,-0.9384,-0.0347,-0.3439,0,-0.0327,0.9994,-0.0118,0,-0.0536,-2.5098,-0.9652,1]},
{"frame":279,"values":[-0.3325,-0.0002,0.9431,0,-0.9425,-0.0347,-0.3323,0,-0.0328,0.9994,-0.0114,0,-0.0576,-2.5101,-0.9677,1]},
{"frame":280,"values":[-0.3205,-0.0002,0.9472,0,-0.9467,-0.0347,-0.3203,0,-0.033,0.9994,-0.0109,0,-0.0618,-2.5103,-0.9703,1]},
{"frame":281,"values":[-0.3084,-0.0002,0.9513,0,-0.9507,-0.0347,-0.3082,0,-0.0331,0.9994,-0.0105,0,-0.066,-2.5106,-0.9729,1]},
{"frame":282,"values":[-0.296,-0.0002,0.9552,0,-0.9546,-0.0347,-0.2958,0,-0.0332,0.9994,-0.0101,0,-0.0702,-2.5109,-0.9756,1]},
{"frame":283,"values":[-0.2834,-0.0002,0.959,0,-0.9584,-0.0347,-0.2833,0,-0.0334,0.9994,-0.0096,0,-0.0745,-2.5111,-0.9783,1]},
{"frame":284,"values":[-0.2707,-0.0002,0.9627,0,-0.9621,-0.0347,-0.2706,0,-0.0335,0.9994,-0.0092,0,-0.0789,-2.5114,-0.981,1]},
{"frame":285,"values":[-0.2579,-0.0002,0.9662,0,-0.9656,-0.0347,-0.2578,0,-0.0336,0.9994,-0.0087,0,-0.0832,-2.5117,-0.9837,1]},
{"frame":286,"values":[-0.245,-0.0002,0.9695,0,-0.9689,-0.0347,-0.2449,0,-0.0337,0.9994,-0.0083,0,-0.0876,-2.512,-0.9864,1]},
{"frame":287,"values":[-0.2321,-0.0003,0.9727,0,-0.9721,-0.0347,-0.2319,0,-0.0338,0.9994,-0.0078,0,-0.0919,-2.5122,-0.9891,1]},
{"frame":288,"values":[-0.2191,-0.0003,0.9757,0,-0.9751,-0.0347,-0.219,0,-0.0339,0.9994,-0.0074,0,-0.0963,-2.5125,-0.9918,1]},
{"frame":289,"values":[-0.2062,-0.0003,0.9785,0,-0.9779,-0.0347,-0.2061,0,-0.034,0.9994,-0.0069,0,-0.1006,-2.5128,-0.9945,1]},
